iter,fit,diff_fit,ind,same_ind,probs,min_diff_probs,max_diff_probs,mean_diff_probs,payoffs,min_diff_payoffs,max_diff_payoffs,mean_diff_payoffs,eps,run
[2375 2039],[9048.90664024 9036.16656551],12.74007472762787,"[[ 26.982185  25.326979  20.75367   93.14341   21.331215  34.462795
   18.78055  109.132385  23.752777  76.659676]
 [ 26.982185  25.326979  20.75367   93.14341   21.331215  34.462795
   18.78055  109.132385  23.752777  76.659676]]",True,"[[[1.39267594e-010 1.86185814e-016 5.27034740e-001 5.41561800e-177
   1.17079949e-008 1.95033852e-025 4.32525444e-007 1.53525625e-215
   4.49532217e-006 2.30909312e-134 4.72960320e-001]
  [2.16700114e-001 5.46242192e-001 2.87247999e-002 1.47460028e-170
   2.33393559e-002 1.81599381e-027 2.61446023e-002 1.09441795e-209
   5.54113702e-004 3.86041114e-119 1.58294822e-001]
  [1.39858588e-009 4.32142063e-024 7.04042368e-005 3.36509020e-173
   5.92804146e-001 1.49118110e-032 1.83987616e-003 1.20029139e-218
   2.33627385e-001 5.59338228e-133 1.71658187e-001]
  [3.22889066e-020 1.08995105e-028 5.38685350e-012 4.41434112e-177
   4.33007066e-008 2.84883436e-036 8.00857927e-001 1.26061734e-224
   1.30545736e-014 2.11259471e-132 1.99142030e-001]]

 [[3.84251760e-009 4.64910353e-014 5.26191114e-001 4.72854331e-152
   1.56470200e-007 5.75960583e-022 2.99435209e-006 3.83175499e-185
   2.18332199e-005 1.85020654e-115 4.73783898e-001]
  [2.09732732e-001 5.44337281e-001 3.05113542e-002 1.14072842e-146
   2.88487574e-002 7.32893504e-024 2.74658862e-002 2.92520159e-180
   9.61567890e-004 1.57149883e-102 1.58142421e-001]
  [2.49972941e-008 1.28747219e-020 2.27194817e-004 7.85172760e-149
   5.87261193e-001 4.05375221e-028 3.67718896e-003 7.57672868e-188
   2.36652886e-001 2.62876509e-114 1.72181513e-001]
  [2.20574781e-017 1.66742318e-024 2.00954168e-010 4.18956657e-152
   5.04649931e-007 2.99529960e-031 8.00089983e-001 6.40756873e-193
   1.06930526e-012 9.46776895e-114 1.99909512e-001]]]",-0.0055094015,0.006967381999999994,-1.3696220217878091e-11,"[[[453.69722725 450.74183951 458.22630308 386.22696517 454.70226659
   447.44923705 455.59433646 372.05238005 456.07819077 402.54158111
   458.22272159]
  [455.62369475 455.59262907 455.51983638 386.79504642 455.31251934
   444.47335293 455.5343681  372.38945783 454.85884125 406.57819217
   455.58950902]
  [455.30183597 448.42547391 457.64900929 388.61252047 459.25783812
   445.49527619 458.30151267 371.8546849  459.23010614 404.08138682
   459.24347343]
  [452.59078482 448.43261306 456.55300153 388.88829067 458.13393556
   445.87828866 461.49555068 371.36302107 455.4894559  406.1176515
   461.49069858]]

 [[453.73684737 450.7607834  458.21290316 386.22696517 454.68902134
   447.44923705 455.5778424  372.05238005 456.05669922 402.54158111
   458.20716805]
  [455.65394941 455.60437157 455.50275431 386.79504642 455.29990578
   444.47335293 455.51780561 372.38945783 454.83443741 406.57819217
   455.6005965 ]
  [455.33365534 448.44785664 457.63482395 388.61252047 459.24930847
   445.49527619 458.28810781 371.8546849  459.21614265 404.08138682
   459.22927387]
  [452.63578387 448.4549852  456.53732508 388.88829067 458.12424253
   445.87828866 461.48579058 371.36302107 455.46655822 406.1176515
   461.47706262]]]",-0.04499905000000126,0.02440383999999085,0.001217510454542941,0.0001,0
[2039 1992],[9036.16656551 9033.86269408],2.303871435455221,"[[ 26.982185  25.326979  20.75367   93.14341   21.331215  34.462795
   18.78055  109.132385  23.752777  76.659676]
 [ 26.982185  25.326979  20.75367   93.14341   21.331215  34.462795
   18.78055  109.132385  23.752777  76.659676]]",True,"[[[3.84251760e-009 4.64910353e-014 5.26191114e-001 4.72854331e-152
   1.56470200e-007 5.75960583e-022 2.99435209e-006 3.83175499e-185
   2.18332199e-005 1.85020654e-115 4.73783898e-001]
  [2.09732732e-001 5.44337281e-001 3.05113542e-002 1.14072842e-146
   2.88487574e-002 7.32893504e-024 2.74658862e-002 2.92520159e-180
   9.61567890e-004 1.57149883e-102 1.58142421e-001]
  [2.49972941e-008 1.28747219e-020 2.27194817e-004 7.85172760e-149
   5.87261193e-001 4.05375221e-028 3.67718896e-003 7.57672868e-188
   2.36652886e-001 2.62876509e-114 1.72181513e-001]
  [2.20574781e-017 1.66742318e-024 2.00954168e-010 4.18956657e-152
   5.04649931e-007 2.99529960e-031 8.00089983e-001 6.40756873e-193
   1.06930526e-012 9.46776895e-114 1.99909512e-001]]

 [[6.09032416e-009 1.00417609e-013 5.26035314e-001 1.45580984e-148
   2.24843284e-007 1.75960249e-021 3.92567556e-006 6.83887590e-181
   2.72451678e-005 8.14880895e-113 4.73933284e-001]
  [2.08510210e-001 5.44041284e-001 3.08243262e-002 2.50620918e-143
   2.97595310e-002 2.34276712e-023 2.77047346e-002 3.82574982e-176
   1.04087700e-003 3.31115723e-100 1.58119036e-001]
  [3.73093457e-008 3.93320602e-020 2.67680185e-004 2.01015965e-145
   5.86323163e-001 1.68960715e-027 4.05150878e-003 1.53990183e-183
   2.37088620e-001 1.07465835e-111 1.72268991e-001]
  [5.47631777e-017 6.40461757e-024 3.33499058e-010 1.30532215e-148
   7.11425506e-007 1.50865633e-030 7.99940984e-001 1.74370811e-188
   1.98174182e-012 3.84527407e-111 2.00058304e-001]]]",-0.0009107735999999977,0.0012225220000000037,3.610458105704046e-11,"[[[453.73684737 450.7607834  458.21290316 386.22696517 454.68902134
   447.44923705 455.5778424  372.05238005 456.05669922 402.54158111
   458.20716805]
  [455.65394941 455.60437157 455.50275431 386.79504642 455.29990578
   444.47335293 455.51780561 372.38945783 454.83443741 406.57819217
   455.6005965 ]
  [455.33365534 448.44785664 457.63482395 388.61252047 459.24930847
   445.49527619 458.28810781 371.8546849  459.21614265 404.08138682
   459.22927387]
  [452.63578387 448.4549852  456.53732508 388.88829067 458.12424253
   445.87828866 461.48579058 371.36302107 455.46655822 406.1176515
   461.47706262]]

 [[453.74377217 450.76372562 458.21051214 386.22696517 454.68695331
   447.44923705 455.57468255 372.05238005 456.05340897 402.54158111
   458.20434655]
  [455.65923732 455.60619532 455.49970627 386.79504642 455.29793638
   444.47335293 455.51463265 372.38945783 454.8307013  406.57819217
   455.60229761]
  [455.33921673 448.45133295 457.63229279 388.61252047 459.2479767
   445.49527619 458.28553977 371.8546849  459.21400491 404.08138682
   459.22689957]
  [452.64364881 448.45845986 456.53452785 388.88829067 458.12272912
   445.87828866 461.48392079 371.36302107 455.4630527  406.1176515
   461.47441796]]]",-0.007864939999990384,0.003736110000033932,0.0002244020454585635,0.0001,0
[2024 1827],[9037.99728546 9030.28335868],7.713926779924805,"[[ 26.982185  25.670826  59.354187 108.90474   21.331215  17.463139
   19.880436  94.74959   23.752777  30.296846]
 [ 26.982185  25.670826  59.354187 108.90474   21.331215  17.463139
   19.880436  94.74959   23.752777  30.296846]]",True,"[[[4.45143342e-009 5.94473730e-014 5.26142667e-001 6.13835323e-151
   1.75664343e-007 8.22620568e-022 3.26464323e-006 8.71565046e-184
   2.34318998e-005 1.29128578e-114 4.73830457e-001]
  [2.09350261e-001 5.44243739e-001 3.06092760e-002 1.32958849e-145
   2.91351722e-002 1.06194854e-023 2.75403978e-002 6.02481440e-179
   9.86139972e-004 8.66765056e-102 1.58135015e-001]
  [2.84078432e-008 1.83888872e-020 2.39400814e-004 9.60992145e-148
   5.86966974e-001 6.39318237e-028 3.79271622e-003 1.79634322e-186
   2.36791886e-001 1.79153598e-113 1.72208994e-001]
  [2.94880747e-017 2.56211414e-024 2.36213748e-010 5.45935246e-151
   5.63106102e-007 5.01811287e-031 8.00043813e-001 1.66747170e-191
   1.30199357e-012 6.43894479e-113 1.99955623e-001]]

 [[1.23965658e-010 7.24823993e-015 1.60499058e-067 2.50435037e-171
   4.62849568e-009 5.85738195e-001 1.56992910e-008 7.33794405e-138
   3.81424100e-007 2.15898158e-019 4.14261403e-001]
  [2.56726790e-001 5.20305846e-001 2.66705613e-065 3.64309702e-164
   4.86199152e-002 4.54867475e-004 1.09928457e-002 3.19561229e-131
   2.03360231e-003 3.46403648e-006 1.60862669e-001]
  [1.02012379e-007 1.45687975e-018 3.31254495e-068 3.97877884e-166
   5.74001956e-001 8.72501895e-007 7.66301286e-004 3.69421123e-138
   2.50999987e-001 1.65566453e-016 1.74230781e-001]
  [7.64918779e-015 6.29442638e-021 4.32001909e-072 6.45909864e-168
   2.63073480e-005 5.38792998e-008 7.56026709e-001 1.51482859e-141
   1.74620901e-010 3.16006466e-015 2.43946930e-001]]]",-0.585738195,0.526142667,1.4017760121856879e-11,"[[[453.7390147  450.76171327 458.21215652 386.22696517 454.68836671
   447.44923705 455.57686186 372.05238005 456.0556566  402.54158111
   458.20628869]
  [455.65560442 455.60494795 455.5018025  386.79504642 455.29928237
   444.47335293 455.516821   372.38945783 454.8332535  406.57819217
   455.60113528]
  [455.33539595 448.4489553  457.63403355 388.61252047 459.2488869
   445.49527619 458.28731092 371.8546849  459.21546524 404.08138682
   459.228528  ]
  [452.63824544 448.45608334 456.5364516  388.88829067 458.12376346
   445.87828866 461.48521036 371.36302107 455.46544739 406.1176515
   461.47624306]]

 [[453.46451573 450.65487598 422.28711683 370.46563552 454.60319788
   459.32016225 454.98439674 386.43517729 455.96181128 448.90440524
   459.31832305]
  [455.4459919  455.40801289 420.31195366 371.03371676 455.2181754
   454.13782266 454.92646107 386.77225508 454.72669127 452.94101843
   455.40226111]
  [455.11494272 448.38514182 421.86581128 372.85119082 459.19404005
   455.91744619 457.59981023 386.23748214 459.15449207 450.44421175
   459.17354571]
  [452.32647976 448.39213725 421.06595139 373.12696102 458.06143589
   456.58444147 460.68558281 385.74581831 455.365462   452.48047751
   460.67662507]]]",-46.36282625999996,35.925039690000006,-1.7168910543181786,0.0001,0
[1756 1444],[9085.2863274  9077.60391412],7.6824132798101346,"[[26.982185 26.7413   75.38191  60.435143 23.568323 17.463139 23.230234
  84.28469  23.752777 98.53326 ]
 [26.982185 26.7413   69.95425  60.435143 23.568323 17.463139 23.230234
  84.28469  23.752777 30.296846]]",False,"[[[4.22705342e-011 9.66268193e-015 5.11952394e-094 1.32716846e-070
   1.12825229e-009 5.84440420e-001 5.86458356e-011 8.95456122e-112
   6.52058654e-009 1.29136227e-143 4.15559572e-001]
  [3.75862373e-001 4.29752214e-001 2.51667499e-091 3.71477320e-063
   2.41960232e-002 1.97285821e-003 1.23873573e-004 1.02872604e-104
   5.73387078e-005 3.76550629e-129 1.68035320e-001]
  [1.33238011e-006 1.14121700e-016 2.94384366e-093 1.02186350e-064
   2.73179538e-001 3.14007026e-005 1.87703013e-005 1.32970854e-110
   5.12749101e-001 5.55323136e-139 2.14019858e-001]
  [1.03899613e-011 8.81870570e-017 6.91819211e-095 2.43319404e-064
   4.30388450e-003 3.30286054e-004 6.15037304e-001 1.13457700e-111
   1.12879697e-008 4.76445401e-135 3.80328514e-001]]

 [[3.72321807e-009 4.09265643e-012 2.15276972e-077 3.83292861e-058
   3.80488978e-008 5.82945595e-001 4.89836559e-009 5.41937424e-092
   2.03043811e-007 3.55642444e-118 4.17054155e-001]
  [3.72065385e-001 4.27905535e-001 2.38936198e-075 3.46916601e-052
   2.79765755e-002 3.37726034e-003 5.29617364e-004 2.35765197e-086
   2.41674229e-004 1.90464174e-106 1.67903952e-001]
  [1.48471383e-005 9.07318991e-014 7.42768776e-077 2.17863695e-053
   2.66385590e-001 1.39132518e-004 1.31379896e-004 4.08084486e-091
   5.18395483e-001 1.88407532e-114 2.14933568e-001]
  [9.11441042e-010 6.82398998e-014 3.15831792e-078 4.13536877e-053
   7.98773697e-003 9.05750683e-004 6.11190330e-001 5.01271993e-092
   2.42712049e-007 3.01157595e-111 3.79915939e-001]]]",-0.005646382000000005,0.006793947999999994,1.5831832376555155e-11,"[[[452.73136365 450.46072735 406.25939161 418.93523238 454.14520155
   459.30053121 452.80819947 396.90007444 454.27343203 380.66800018
   459.29445323]
  [454.88614333 454.88073476 404.28422844 419.50331363 454.67533002
   454.10974606 452.75513285 397.23715223 452.80952093 384.70461124
   454.87615591]
  [454.52613998 448.35007033 405.83808606 421.32078768 458.10264074
   455.8922698  455.2038076  396.7023793  458.05751842 382.20780588
   458.06666646]
  [451.49379299 448.35657548 405.03822617 421.59655788 457.12630308
   456.56035208 458.03024474 396.21071546 453.56661623 384.24407056
   458.02529761]]

 [[452.75544619 450.47822772 406.25939161 418.93523238 454.12823112
   459.27998457 452.83293983 396.90007444 454.23244784 380.66800018
   459.26697364]
  [454.9045332  454.89158248 404.28422844 419.50331363 454.65916894
   454.08035996 452.77997585 397.23715223 452.762983   384.70461124
   454.88582686]
  [454.54548094 448.37074749 405.83808606 421.32078768 458.09171216
   455.86591919 455.2239143  396.7023793  458.03089017 382.20780588
   458.04076561]
  [451.52114503 448.37724285 405.03822617 421.59655788 457.11388392
   456.53513915 458.04488446 396.21071546 453.52295055 384.24407056
   458.0336426 ]]]",-0.027352040000039324,0.046537929999999506,0.002453824318179572,0.0001,0
[1747 1615],[9147.83326789 9139.82629448],8.006973414067033,"[[ 26.982185  26.7413    43.96622  100.23624   23.30426   17.463139
   20.301031  42.027973  23.752777  76.56265 ]
 [ 26.982185  26.7413    43.96622  100.23624   23.30426   17.463139
   20.301031  42.027973  23.752777  76.56265 ]]",True,"[[[6.20908636e-011 1.78861315e-014 2.81706858e-037 4.10879041e-146
   2.11584698e-009 5.84558750e-001 9.68803098e-009 1.04074259e-034
   1.62462096e-008 1.57210091e-100 4.15441222e-001]
  [3.60404366e-001 4.17958244e-001 2.09925461e-034 1.16710105e-138
   3.61181558e-002 2.12908274e-003 1.60673324e-002 8.29292239e-028
   1.40455982e-004 1.24344934e-086 1.67182363e-001]
  [1.04192426e-006 1.64110017e-016 1.17318054e-036 5.32222678e-140
   3.03317311e-001 2.41090993e-005 5.41336252e-003 1.06584736e-033
   4.81883178e-001 2.82034995e-096 2.09360998e-001]
  [1.38425357e-014 1.61148448e-019 4.53323672e-041 1.80286676e-142
   6.17645628e-006 3.10405783e-007 7.36037750e-001 1.43301328e-037
   2.49461791e-011 1.78206895e-095 2.63955763e-001]]

 [[4.02546757e-010 2.24319271e-013 1.63694499e-034 4.06751914e-135
   9.23013127e-009 5.84123056e-001 3.71922284e-008 3.87108638e-032
   6.52936835e-008 5.54527814e-093 4.15876832e-001]
  [3.57595934e-001 4.16258880e-001 6.30031383e-032 2.69562178e-128
   3.82898544e-002 2.71201385e-003 1.78317424e-002 7.92463995e-026
   2.43672941e-004 3.34176146e-080 1.67067902e-001]
  [2.94031795e-006 2.77175556e-015 5.64529698e-034 1.67883400e-129
   3.00487251e-001 4.69648890e-005 7.13667240e-003 3.06812541e-031
   4.82752618e-001 4.38334393e-089 2.09573553e-001]
  [1.71367321e-013 4.97769754e-018 5.08977748e-038 9.47243064e-132
   1.49368378e-005 9.13206049e-007 7.35249948e-001 8.76354343e-035
   1.63873394e-010 2.61422454e-088 2.64734202e-001]]]",-0.002171698599999994,0.0028300599999999676,2.136633526898281e-11,"[[[452.82946459 450.57224812 437.67508299 379.13413832 454.20021771
   459.30201774 454.64888692 439.15679213 454.48524842 402.63860412
   459.29662704]
  [454.96105503 454.94986165 435.69991982 379.70221957 454.740316
   454.11187211 454.59130425 439.49386991 453.05004041 406.67521518
   454.93892877]
  [454.60492595 448.48183517 437.25377743 381.51969363 458.23208213
   455.89417624 457.24836466 438.95909698 458.19513975 404.17840983
   458.19854861]
  [451.60521237 448.48827792 436.45391755 381.79546382 457.23738307
   456.56217621 460.31533557 438.46743315 453.79229125 406.21467451
   460.30294494]]

 [[452.84717603 450.58825992 437.67508299 379.13413832 454.19878355
   459.29576767 454.62977303 439.15679213 454.4782804  402.63860412
   459.28861776]
  [454.97457981 454.95978667 435.69991982 379.70221957 454.73895024
   454.10293317 454.57211107 439.49386991 453.04212816 406.67521518
   454.94734488]
  [454.61915021 448.50075354 437.25377743 381.51969363 458.23115857
   455.88616067 457.23283064 438.95909698 458.19061249 404.17840983
   458.19254818]
  [451.62532836 448.50718734 436.45391755 381.79546382 457.23633354
   456.5545067  460.30402522 438.46743315 453.78486733 406.21467451
   460.28831446]]]",-0.020115990000022066,0.01919318000000203,0.0004207497727267392,0.0001,0
[1884 1854],[9157.99836261 9156.97135626],1.0270063480547833,"[[26.982185 26.7413   50.718338 25.80836  23.568323 17.463139 21.061058
  60.931023 23.752777 82.404175]
 [26.982185 26.7413   50.718338 25.80836  23.568323 17.463139 21.061058
  60.931023 23.752777 82.404175]]",True,"[[[8.86167703e-012 1.28743279e-015 3.80230948e-040 1.58778034e-157
   4.58066338e-010 5.84900185e-001 2.40645126e-009 2.23192404e-037
   3.83612659e-009 2.30325570e-108 4.15099808e-001]
  [3.62826277e-001 4.19519301e-001 5.64884921e-037 2.05129525e-149
   3.40904533e-002 1.66413920e-003 1.45316029e-002 7.31904308e-030
   7.96749631e-005 2.64712107e-093 1.67288552e-001]
  [3.52995454e-007 8.66752812e-018 1.92632883e-039 6.74191803e-151
   3.05875959e-001 1.20738692e-005 4.07415094e-003 2.98302478e-036
   4.80875356e-001 9.67577303e-104 2.09162107e-001]
  [1.00739797e-015 4.54086439e-021 3.08412575e-044 1.34258487e-153
   2.46262755e-006 1.01155515e-007 7.36681037e-001 1.83159518e-040
   3.53267210e-012 6.48046633e-103 2.63316399e-001]]

 [[1.29246548e-011 2.14096555e-015 5.08618255e-052 3.19259035e-011
   4.92712557e-010 5.84746002e-001 9.66432742e-010 3.52503329e-072
   2.90683329e-009 2.06860419e-118 4.15253994e-001]
  [3.70407017e-001 4.25835115e-001 6.12765085e-049 2.12622279e-003
   2.71953907e-002 1.88206837e-003 4.71883291e-003 9.59824945e-065
   4.89532939e-005 1.83789744e-103 1.67786399e-001]
  [6.70428818e-007 2.38660089e-017 3.75960780e-051 3.14956726e-005
   2.74490596e-001 2.20437687e-005 1.41846305e-003 6.70106285e-071
   5.10270228e-001 1.24830199e-113 2.13766503e-001]
  [1.16379590e-014 6.30501337e-020 3.05439695e-055 2.56285704e-007
   1.27781994e-005 8.90905450e-007 7.07108182e-001 1.96314573e-074
   1.97783534e-011 4.14655091e-112 2.92877893e-001]]]",-0.02956149400000002,0.031385363,-3.2121276125063325e-12,"[[[452.81416217 450.55752751 437.67508299 379.13413832 454.20195363
   459.30698309 454.66488882 439.15679213 454.49274284 402.63860412
   459.30290389]
  [454.94936982 454.94073698 435.69991982 379.70221957 454.74196912
   454.11897363 454.60737254 439.49386991 453.05855039 406.67521518
   454.9311198 ]
  [454.59263641 448.46444236 437.25377743 381.51969363 458.23320003
   455.9005442  457.26136954 438.95909698 458.20000902 404.17840983
   458.20416268]
  [451.58783246 448.47089336 436.45391755 381.79546382 457.23865344
   456.56826923 460.32480445 438.46743315 453.80027601 406.21467451
   460.31495653]]

 [[452.7660582  450.49780806 430.92296583 453.55702573 454.14527533
   459.30452662 454.23253127 420.25374266 454.29064798 396.7970819
   459.30006726]
  [454.91263673 454.90371948 428.94780266 454.12540667 454.67540028
   454.11546035 454.17637443 420.59082044 452.8290698  400.83369296
   454.89446833]
  [454.55400357 448.3938822  430.50166028 455.94383953 458.10268825
   455.89739383 456.76764233 420.05604751 458.06870396 398.33688761
   458.07383227]
  [451.53319776 448.4003666  429.70180039 456.21975521 457.12635708
   456.56525487 459.75867078 419.56438368 453.58495858 400.37315229
   459.75269616]]]",-74.42429139000001,18.90304947000004,-3.8063669277272734,0.0001,0
[1854 1730],[9156.97135626 9152.11545914],4.855897113026003,"[[26.982185 26.7413   50.718338 25.80836  23.568323 17.463139 21.061058
  60.931023 23.752777 82.404175]
 [26.982185 26.7413   50.718338 25.80836  23.568323 17.463139 21.061058
  60.931023 23.752777 82.404175]]",True,"[[[1.29246548e-011 2.14096555e-015 5.08618255e-052 3.19259035e-011
   4.92712557e-010 5.84746002e-001 9.66432742e-010 3.52503329e-072
   2.90683329e-009 2.06860419e-118 4.15253994e-001]
  [3.70407017e-001 4.25835115e-001 6.12765085e-049 2.12622279e-003
   2.71953907e-002 1.88206837e-003 4.71883291e-003 9.59824945e-065
   4.89532939e-005 1.83789744e-103 1.67786399e-001]
  [6.70428818e-007 2.38660089e-017 3.75960780e-051 3.14956726e-005
   2.74490596e-001 2.20437687e-005 1.41846305e-003 6.70106285e-071
   5.10270228e-001 1.24830199e-113 2.13766503e-001]
  [1.16379590e-014 6.30501337e-020 3.05439695e-055 2.56285704e-007
   1.27781994e-005 8.90905450e-007 7.07108182e-001 1.96314573e-074
   1.97783534e-011 4.14655091e-112 2.92877893e-001]]

 [[7.62407635e-011 2.35448467e-014 1.38292650e-048 1.51997210e-010
   1.99765841e-009 5.84413291e-001 3.82971765e-009 2.14629111e-067
   1.13372990e-008 1.56009019e-110 4.15586691e-001]
  [3.68176117e-001 4.24450709e-001 8.91714697e-046 2.62405588e-003
   2.88876600e-002 2.33079737e-003 5.74924824e-003 1.60199624e-060
   8.62188030e-005 1.19630355e-096 1.67695193e-001]
  [1.74243746e-006 3.36606468e-016 8.28584310e-048 5.61538912e-005
   2.72449016e-001 3.98290124e-005 2.02349193e-003 3.10540969e-066
   5.11458001e-001 4.18145712e-106 2.13971765e-001]
  [1.08782949e-013 1.39744135e-018 1.33460393e-051 6.67351959e-007
   2.60145891e-005 2.11338970e-006 7.06713053e-001 1.65607795e-069
   1.05737022e-010 1.16195667e-104 2.93258152e-001]]]",-0.0016922693000000003,0.00223089999999998,3.2081628481614936e-11,"[[[452.7660582  450.49780806 430.92296583 453.55702573 454.14527533
   459.30452662 454.23253127 420.25374266 454.29064798 396.7970819
   459.30006726]
  [454.91263673 454.90371948 428.94780266 454.12540667 454.67540028
   454.11546035 454.17637443 420.59082044 452.8290698  400.83369296
   454.89446833]
  [454.55400357 448.3938822  430.50166028 455.94383953 458.10268825
   455.89739383 456.76764233 420.05604751 458.06870396 398.33688761
   458.07383227]
  [451.53319776 448.4003666  429.70180039 456.21975521 457.12635708
   456.56525487 459.75867078 419.56438368 453.58495858 400.37315229
   459.75269616]]

 [[452.78020785 450.51089984 430.92296583 453.55555682 454.14332961
   459.29967235 454.22336841 420.25374266 454.28205375 396.7970819
   459.29395008]
  [454.92344166 454.91183451 428.94780266 454.12402598 454.67354736
   454.10851771 454.16717356 420.59082044 452.81931097 400.83369296
   454.90117813]
  [454.56536731 448.4093505  430.50166028 455.94274108 458.10143526
   455.89116834 456.7601956  420.05604751 458.06312012 398.33688761
   458.06801432]
  [451.5492684  448.41582757 429.70180039 456.21869959 457.12493318
   456.55929817 459.75324881 419.56438368 453.57580205 400.37315229
   459.745403  ]]]",-0.016070640000009462,0.009758830000009766,0.0001767638636390633,0.0001,0
[1730 1478],[9152.11545914 9138.73178246],13.383676687468324,"[[26.982185 26.7413   50.718338 25.80836  23.568323 17.463139 21.061058
  60.931023 23.752777 82.404175]
 [26.982185 26.7413   50.718338 64.85561  23.568323 17.463139 21.061058
  60.931023 23.752777 82.404175]]",False,"[[[7.62407635e-011 2.35448467e-014 1.38292650e-048 1.51997210e-010
   1.99765841e-009 5.84413291e-001 3.82971765e-009 2.14629111e-067
   1.13372990e-008 1.56009019e-110 4.15586691e-001]
  [3.68176117e-001 4.24450709e-001 8.91714697e-046 2.62405588e-003
   2.88876600e-002 2.33079737e-003 5.74924824e-003 1.60199624e-060
   8.62188030e-005 1.19630355e-096 1.67695193e-001]
  [1.74243746e-006 3.36606468e-016 8.28584310e-048 5.61538912e-005
   2.72449016e-001 3.98290124e-005 2.02349193e-003 3.10540969e-066
   5.11458001e-001 4.18145712e-106 2.13971765e-001]
  [1.08782949e-013 1.39744135e-018 1.33460393e-051 6.67351959e-007
   2.60145891e-005 2.11338970e-006 7.06713053e-001 1.65607795e-069
   1.05737022e-010 1.16195667e-104 2.93258152e-001]]

 [[2.75399445e-009 3.02121942e-012 1.31209529e-041 3.60860550e-009
   3.42129239e-008 5.83395984e-001 6.31279628e-008 1.12886915e-057
   1.80520944e-007 1.58405761e-094 4.16603732e-001]
  [3.61955711e-001 4.20967765e-001 2.40300761e-039 4.05447928e-003
   3.29029565e-002 3.64778214e-003 8.72557906e-003 6.14390420e-052
   2.76350649e-004 8.45878391e-083 1.67469377e-001]
  [1.19406188e-005 7.14917260e-014 5.13334733e-041 1.81169498e-004
   2.67260338e-001 1.32728184e-004 4.17713371e-003 9.38459002e-057
   5.13758637e-001 8.16425295e-091 2.14478053e-001]
  [9.98694322e-012 7.42713427e-016 3.31801973e-044 4.64256926e-006
   1.09742547e-004 1.22266957e-005 7.05424579e-001 1.68843444e-059
   3.19483008e-009 1.57643994e-089 2.94448806e-001]]]",-0.004015296499999998,0.006220406000000012,-5.66022610578401e-11,"[[[452.78020785 450.51089984 430.92296583 453.55555682 454.14332961
   459.29967235 454.22336841 420.25374266 454.28205375 396.7970819
   459.29395008]
  [454.92344166 454.91183451 428.94780266 454.12402598 454.67354736
   454.10851771 454.16717356 420.59082044 452.81931097 400.83369296
   454.90117813]
  [454.56536731 448.4093505  430.50166028 455.94274108 458.10143526
   455.89116834 456.7601956  420.05604751 458.06312012 398.33688761
   458.06801432]
  [451.5492684  448.41582757 429.70180039 456.21869959 457.12493318
   456.55929817 459.75324881 419.56438368 453.57580205 400.37315229
   459.745403  ]]

 [[452.81953067 450.54379735 430.92296583 453.55090902 454.14008464
   459.28522857 454.19563002 420.25374266 454.26421714 396.7970819
   459.27524801]
  [454.95346931 454.93222625 428.94780266 454.11965732 454.67045715
   454.08786001 454.13932009 420.59082044 452.79905734 400.83369296
   454.91778796]
  [454.59694791 448.4482198  430.50166028 455.93926548 458.09934556
   455.87264451 456.73765237 420.05604751 458.05153132 398.33688761
   458.05366142]
  [451.59392979 448.45467847 429.70180039 456.21535949 457.12255847
   456.5415741  459.73683505 419.56438368 453.55679843 400.37315229
   459.72255811]]]",-0.04466138999998748,0.027853469999968183,0.0005431990909065896,0.0001,0
[1636 1585],[9148.14025358 9145.43775501],2.7024985761745484,"[[26.982185 26.7413   69.95425  81.95013  23.568323 17.463139 21.061058
  94.74959  23.752777 30.296846]
 [26.982185 26.7413   69.95425  81.95013  23.568323 17.463139 21.061058
  94.74959  23.752777 30.296846]]",True,"[[[2.55817478e-010 1.18454600e-013 6.30787491e-046 1.79379871e-073
   5.33345683e-009 5.84079496e-001 9.99064285e-009 1.03713317e-063
   2.94136644e-008 1.66666477e-104 4.15920459e-001]
  [3.68025503e-001 4.24374798e-001 2.72208021e-043 1.36915228e-066
   3.04106139e-002 2.77852406e-003 6.60066863e-003 3.12645983e-057
   1.28016170e-004 2.15242251e-091 1.67681876e-001]
  [3.32226798e-006 1.92454218e-015 3.22879492e-045 5.50119993e-068
   2.71071738e-001 6.00702103e-005 2.54351230e-003 1.22266040e-062
   5.12196668e-001 2.42128258e-100 2.14124690e-001]
  [4.95208060e-013 1.11603643e-017 8.65507286e-049 9.20730266e-070
   4.34029224e-005 3.91473284e-006 7.06376954e-001 1.01771409e-065
   3.41239366e-010 5.83094359e-099 2.93575728e-001]]

 [[5.55003560e-010 3.40090386e-013 6.20545951e-076 3.45479222e-100
   9.69996263e-009 5.83878657e-001 1.80589356e-008 1.81576857e-119
   5.26065972e-008 8.16478509e-017 4.16121262e-001]
  [3.66948370e-001 4.23839454e-001 1.45798476e-073 1.61455220e-093
   3.10843487e-002 3.03986019e-003 7.19067291e-003 3.51121320e-113
   1.63253836e-004 8.79037627e-005 1.67646137e-001]
  [5.06925731e-006 6.29027041e-015 2.72925484e-075 1.01960217e-094
   2.70173244e-001 7.81657249e-005 2.98887120e-003 1.80199138e-118
   5.12546861e-001 4.88302970e-013 2.14207789e-001]
  [1.32502801e-012 4.40236413e-017 8.50396878e-079 2.08316306e-096
   5.86483928e-005 5.69271339e-006 7.06121001e-001 1.63751152e-121
   7.03105615e-010 5.26555253e-012 2.93814657e-001]]]",-0.000673734799999999,0.0010771329999999524,4.791511812772132e-12,"[[[452.78115906 450.51162363 430.92296583 414.51476119 454.13926121
   459.29480615 454.21575057 420.25374266 454.27651828 396.7970819
   459.2878123 ]
  [454.92416803 454.91228315 428.94780266 415.08284244 454.66967298
   454.10155799 454.15952411 420.59082044 452.8130254  400.83369296
   454.90216078]
  [454.56613124 448.41020567 430.50166028 416.90031649 458.09881529
   455.88492754 456.75400451 420.05604751 458.05952362 398.33688761
   458.06367744]
  [451.55034876 448.41668234 429.70180039 417.17608669 457.12195587
   456.55332681 459.74874106 419.56438368 453.56990441 400.37315229
   459.73931063]]

 [[452.78797595 450.51668412 411.68705732 397.42024825 454.13884708
   459.29193725 454.21014832 386.43517729 454.27374056 448.90416378
   459.28411974]
  [454.92937353 454.91541993 409.71189415 397.9883295  454.6692786
   454.09745486 454.15389862 386.77225508 452.80987127 452.94087821
   454.90479004]
  [454.57160596 448.41618478 411.26575177 399.80580355 458.0985486
   455.88124824 456.74945152 386.23748214 458.05771888 450.44400892
   458.0613216 ]
  [451.55809112 448.42265862 410.46589188 400.08157375 457.12165281
   456.54980637 459.74542602 385.74581831 453.56694495 452.48032574
   459.73472672]]]",-52.107185249999986,33.81856536999999,1.6403485943181821,0.0001,0
[1486 1146],[9165.32927775 9123.35747695],41.971800802351936,"[[26.982185 26.7413   50.718338 64.85561  23.568323 17.463139 19.880436
  68.25066  23.752777 26.20821 ]
 [26.982185 26.7413   50.718338 64.85561  23.568323 17.463139 19.880436
  68.25066  23.752777 26.20821 ]]",True,"[[[7.50386836e-09 1.31765206e-11 6.10181380e-42 5.83934037e-67
   4.12356646e-08 5.84988154e-01 2.49313022e-07 2.01713745e-69
   2.07398135e-07 1.59187689e-13 4.15011341e-01]
  [2.61085475e-01 3.39963221e-01 3.81705412e-40 2.63482949e-61
   1.38172600e-02 1.32836567e-03 1.20914534e-02 3.99636633e-64
   1.17233258e-04 2.10519807e-01 1.61077184e-01]
  [2.38951723e-05 3.99777030e-13 2.21800893e-41 4.63725719e-62
   2.66611628e-01 1.26641139e-04 2.38237592e-02 1.54540112e-68
   4.97433076e-01 1.62089090e-09 2.11980999e-01]
  [3.39972455e-12 4.67712981e-16 1.59233681e-45 1.42272945e-64
   1.27188361e-05 1.31083253e-06 7.51582283e-01 3.01236124e-72
   3.95226361e-10 9.38268283e-09 2.48403677e-01]]

 [[5.76683958e-07 5.12388413e-09 1.58864773e-32 8.20748080e-52
   1.71671137e-06 5.82940619e-01 6.95688523e-06 1.03926632e-53
   8.04812061e-06 1.43600943e-10 4.17042077e-01]
  [2.50082121e-01 3.35764038e-01 2.59937801e-31 1.27520458e-47
   2.13316245e-02 3.46163465e-03 1.93368501e-02 8.55811064e-50
   7.39489076e-04 2.08355377e-01 1.60928865e-01]
  [2.23613808e-04 2.85019208e-10 3.37082960e-32 3.87722219e-48
   2.52635700e-01 6.64697850e-04 3.87164852e-02 3.92204402e-53
   4.95233333e-01 1.36893932e-07 2.12526033e-01]
  [1.58561385e-09 2.04877031e-12 2.81093559e-35 5.86380076e-50
   1.52223068e-04 2.58111596e-05 7.46537909e-01 7.07651119e-56
   6.69184900e-08 6.81850923e-07 2.53283307e-01]]]",-0.014892725999999998,0.01397592799999997,-5.493735576147064e-12,"[[[453.43863296 451.2936672  430.92296583 414.51476119 454.27805461
   459.31066598 454.87190481 412.93410154 454.37861263 450.17928699
   459.30455336]
  [455.42622733 455.39703806 428.94780266 415.08284244 454.80184708
   454.12424096 454.81350243 413.27117933 452.92895448 455.39558994
   455.38661192]
  [455.09415597 449.33421155 430.50166028 416.90031649 458.18819519
   455.90526743 457.50838708 412.7364064  458.12585635 452.16909798
   458.12443269]
  [452.29708307 449.34025068 429.70180039 417.17608669 457.22352655
   456.57278853 460.61901745 412.24474256 453.67867854 454.80045713
   460.59401995]]

 [[453.50265582 451.33155162 430.92296583 414.51476119 454.29302274
   459.28645566 454.76006213 412.93410154 454.38749386 450.21388699
   459.26725572]
  [455.47511638 455.42052096 428.94780266 415.08284244 454.81610135
   454.089615   454.70119574 413.27117933 452.93903921 455.4156836
   455.39744551]
  [455.14557345 449.37897302 430.50166028 416.90031649 458.19783434
   455.87421822 457.41749157 412.7364064  458.13162667 452.19816439
   458.10902038]
  [452.36979785 449.38499096 429.70180039 417.17608669 457.23448041
   456.54307987 460.55283628 412.24474256 453.68814085 454.82220583
   460.50328806]]]",-0.07271478000001252,0.11230669000002536,0.0012725554545508803,0.0001,0
[1773 1180],[9184.54131361 9129.10794258],55.433371034334414,"[[26.982185 26.7413   50.718338 64.85561  23.568323 17.463139 19.880436
  68.25066  23.752777 26.20821 ]
 [26.982185 26.7413   50.718338 64.85561  23.568323 17.463139 19.880436
  68.25066  23.752777 26.20821 ]]",True,"[[[1.84578826e-10 8.34855477e-14 6.80527688e-50 9.44135012e-80
   1.73548430e-09 5.85607347e-01 1.56239971e-08 1.08943375e-82
   9.36236119e-09 4.96146838e-16 4.14392626e-01]
  [2.66381370e-01 3.41995923e-01 1.34292842e-47 7.44188750e-73
   9.54668162e-03 6.03155187e-04 8.61220696e-03 3.21656797e-76
   2.49473961e-05 2.11652063e-01 1.61183652e-01]
  [3.51190990e-06 1.52033128e-15 3.91380607e-49 8.15397373e-74
   2.75506671e-01 3.14044760e-05 1.63685814e-02 1.52401158e-81
   4.96421567e-01 3.75634540e-11 2.11668265e-01]
  [1.77935050e-14 3.74416725e-19 3.45503096e-54 6.34205610e-77
   1.50457240e-06 1.03714072e-07 7.53895081e-01 4.42452238e-86
   5.03603788e-12 2.41393093e-10 2.46103311e-01]]

 [[3.74865089e-07 2.82956301e-09 1.81953925e-33 2.51140038e-53
   1.18427808e-06 5.83270429e-01 4.97252027e-06 2.79266219e-55
   5.59104663e-06 7.28912075e-11 4.16717445e-01]
  [2.51513499e-01 3.36347068e-01 3.39934134e-32 5.45678167e-49
   2.04268392e-02 3.14014400e-03 1.83681298e-02 3.15606606e-51
   6.15187397e-04 2.08645902e-01 1.60943231e-01]
  [1.79222537e-04 1.48079432e-10 4.07157772e-33 1.57216462e-49
   2.54196367e-01 5.62741883e-04 3.67779027e-02 1.13049494e-54
   4.95829680e-01 8.79804285e-08 2.12453998e-01]
  [8.62216941e-10 8.89625135e-13 2.66263629e-36 2.03149644e-51
   1.19116262e-04 1.91881697e-05 7.47235217e-01 1.63632864e-57
   4.01817436e-08 4.45696436e-07 2.52625992e-01]]]",-0.020409321299999998,0.021310304000000002,-1.1427475127783798e-13,"[[[453.40730986 451.27528018 430.92296583 414.51476119 454.26445784
   459.31847385 454.92813745 412.93410154 454.38650839 450.16113981
   459.31591378]
  [455.40230843 455.38564073 428.94780266 415.08284244 454.78889877
   454.13540789 454.86996838 413.27117933 452.93792019 455.38505111
   455.37884043]
  [455.06900003 449.31248677 430.50166028 416.90031649 458.17943917
   455.91528086 457.55408783 412.7364064  458.13098638 452.15385308
   458.1332794 ]
  [452.26150746 449.31853619 429.70180039 417.17608669 457.21357627
   456.58236963 460.65229225 412.24474256 453.6870909  454.78905025
   460.63668598]]

 [[453.49443424 451.32629983 430.92296583 414.51476119 454.29191998
   459.2901947  454.77454717 412.93410154 454.3846415  450.20925189
   459.27321941]
  [455.46883823 455.41726561 428.94780266 415.08284244 454.81505118
   454.09496263 454.71574087 413.27117933 452.93580031 455.4129918
   455.39639517]
  [455.13897061 449.37276789 430.50166028 416.90031649 458.19712418
   455.87901346 457.42926368 412.7364064  458.12977342 452.19427058
   458.11105585]
  [452.36046008 449.37878877 429.70180039 417.17608669 457.23367339
   456.54766807 460.56140758 412.24474256 453.68510186 454.81929232
   460.51552824]]]",-0.09895261999997729,0.15422750999999835,0.001706023636365537,0.0001,0
[1180 1147],[9129.10794258 9123.53341407],5.57452851146445,"[[26.982185 26.7413   50.718338 64.85561  23.568323 17.463139 19.880436
  68.25066  23.752777 26.20821 ]
 [26.982185 26.7413   50.718338 64.85561  23.568323 17.463139 19.880436
  68.25066  23.752777 26.20821 ]]",True,"[[[3.74865089e-07 2.82956301e-09 1.81953925e-33 2.51140038e-53
   1.18427808e-06 5.83270429e-01 4.97252027e-06 2.79266219e-55
   5.59104663e-06 7.28912075e-11 4.16717445e-01]
  [2.51513499e-01 3.36347068e-01 3.39934134e-32 5.45678167e-49
   2.04268392e-02 3.14014400e-03 1.83681298e-02 3.15606606e-51
   6.15187397e-04 2.08645902e-01 1.60943231e-01]
  [1.79222537e-04 1.48079432e-10 4.07157772e-33 1.57216462e-49
   2.54196367e-01 5.62741883e-04 3.67779027e-02 1.13049494e-54
   4.95829680e-01 8.79804285e-08 2.12453998e-01]
  [8.62216941e-10 8.89625135e-13 2.66263629e-36 2.03149644e-51
   1.19116262e-04 1.91881697e-05 7.47235217e-01 1.63632864e-57
   4.01817436e-08 4.45696436e-07 2.52625992e-01]]

 [[5.69432294e-07 5.03522986e-09 1.49056663e-32 7.40754035e-52
   1.69807758e-06 5.82950925e-01 6.88844008e-06 9.34397678e-54
   7.96242006e-06 1.40766874e-10 4.17031952e-01]
  [2.50125506e-01 3.35781968e-01 2.44841136e-31 1.16231849e-47
   2.13044481e-02 3.45170077e-03 1.93073160e-02 7.76646726e-50
   7.35499055e-04 2.08364282e-01 1.60929280e-01]
  [2.22165089e-04 2.79584921e-10 3.16765820e-32 3.52841450e-48
   2.52682087e-01 6.61448213e-04 3.86576131e-02 3.53355558e-53
   4.95252736e-01 1.35126271e-07 2.12523815e-01]
  [1.55748735e-09 1.99914937e-12 2.62271616e-35 5.31167917e-50
   1.51130698e-04 2.55871768e-05 7.46559292e-01 6.33443009e-56
   6.59229874e-08 6.73386495e-07 2.53263249e-01]]]",-0.001879710400000005,0.001514279999999979,9.28140128427194e-12,"[[[453.49443424 451.32629983 430.92296583 414.51476119 454.29191998
   459.2901947  454.77454717 412.93410154 454.3846415  450.20925189
   459.27321941]
  [455.46883823 455.41726561 428.94780266 415.08284244 454.81505118
   454.09496263 454.71574087 413.27117933 452.93580031 455.4129918
   455.39639517]
  [455.13897061 449.37276789 430.50166028 416.90031649 458.19712418
   455.87901346 457.42926368 412.7364064  458.12977342 452.19427058
   458.11105585]
  [452.36046008 449.37878877 429.70180039 417.17608669 457.23367339
   456.54766807 460.56140758 412.24474256 453.68510186 454.81929232
   460.51552824]]

 [[453.50240718 451.33139015 430.92296583 414.51476119 454.29299263
   459.28657157 454.76050151 412.93410154 454.38740054 450.21374497
   459.26744174]
  [455.47492652 455.42042087 428.94780266 415.08284244 454.81607268
   454.08978078 454.70163694 413.27117933 452.93893324 455.41560113
   455.3974152 ]
  [455.14537377 449.37878224 430.50166028 416.90031649 458.19781495
   455.87436687 457.41784866 412.7364064  458.13156603 452.19804508
   458.10908305]
  [452.36951546 449.38480027 429.70180039 417.17608669 457.23445837
   456.5432221  460.55309628 412.24474256 453.68804142 454.82211656
   460.50366165]]]",-0.009055380000006608,0.014103929999976117,0.0001519111363628347,0.0001,0
[1248 1097],[9158.54808856 9140.26540101],18.28268754446799,"[[26.982185 26.7413   69.95425  93.14341  23.568323 17.463139 21.061058
  94.74959  23.752777 26.20821 ]
 [26.982185 26.7413   69.95425  93.14341  23.568323 17.463139 21.061058
  94.74959  23.752777 26.20821 ]]",True,"[[[1.09722000e-007 4.81781272e-010 1.14066145e-099 6.12534598e-008
   5.90613897e-007 5.82888202e-001 9.16553835e-007 8.66098505e-034
   3.13874406e-006 2.48697696e-011 4.17106981e-001]
  [3.07900124e-001 3.81350496e-001 2.15099285e-098 3.72492682e-003
   3.20110287e-002 3.93284346e-003 9.49369528e-003 2.77671441e-029
   7.88359596e-004 9.63953485e-002 1.64403178e-001]
  [7.46141751e-005 1.69442061e-011 2.09376700e-099 3.88069311e-004
   3.01102836e-001 3.38191051e-004 6.92100922e-003 3.54961828e-033
   4.81509574e-001 2.31156630e-008 2.09665684e-001]
  [1.01783580e-009 5.07897551e-013 4.51219006e-102 2.49694538e-005
   5.71150643e-004 6.37431270e-005 7.03980702e-001 2.51732678e-035
   1.03750529e-007 4.04810710e-007 2.95358925e-001]]

 [[1.05775131e-006 1.12515902e-008 7.79806555e-053 3.28290462e-083
   2.57043051e-006 5.82391940e-001 4.55273772e-006 5.93751106e-083
   1.12844150e-005 3.49540382e-010 4.17588583e-001]
  [2.54976269e-001 3.39927627e-001 8.46506789e-052 3.53259310e-079
   2.03118990e-002 3.78523842e-003 8.52247152e-003 3.31593827e-079
   7.70704689e-004 2.10504265e-001 1.61201525e-001]
  [3.43902011e-004 7.25466973e-010 1.60911734e-052 1.79442176e-079
   2.65890999e-001 8.96046909e-004 1.33038833e-002 2.15316171e-082
   5.05653822e-001 2.70745533e-007 2.13911075e-001]
  [1.76381719e-008 2.93270075e-011 7.54669187e-055 1.55760546e-080
   9.76521674e-004 1.83587831e-004 7.02343078e-001 2.12060699e-084
   5.42153143e-007 5.98724973e-006 2.96490266e-001]]]",-0.11410891649999999,0.05292385500000002,3.663523196237464e-11,"[[[453.15595898 450.91448554 382.62723524 453.55144311 454.23752181
   459.28198138 454.18417346 432.13630339 454.48148304 450.65511405
   459.26602813]
  [455.21037222 455.16199978 380.65207207 454.12015933 454.77584099
   454.08321582 454.127816   432.47338117 453.04576478 455.15377539
   455.14312739]
  [454.8671373  448.88619803 382.20592969 455.93966486 458.25610515
   455.86848005 456.72834152 431.93860824 458.1926933  452.37117346
   458.19001611]
  [451.97603251 448.89244931 381.4060698  456.2157433  457.26468265
