time,case,upper_iter,fitness,best_individual,upper_time,lower_time,lower_iter,probs_update,fit_update,ind_update,n_paths,n_od,n_users,pop_size,alpha,beta,M,K,eps,run
0.595440149307251,5_5_128,1,6826.648346250346,[34.841087 81.96836  61.040794 29.718042 34.47985 ],"[np.float64(0.0), np.float64(-0.0008094310760498047), np.float64(0.595440149307251)]","[0.608243465423584, 0.579927921295166]","[1000, 1000]","[array([[0.16666667, 0.16666667, 0.16666667, 0.16666667, 0.16666667,
        0.16666667],
       [0.16666667, 0.16666667, 0.16666667, 0.16666667, 0.16666667,
        0.16666667],
       [0.16666667, 0.16666667, 0.16666667, 0.16666667, 0.16666667,
        0.16666667],
       [0.16666667, 0.16666667, 0.16666667, 0.16666667, 0.16666667,
        0.16666667],
       [0.16666667, 0.16666667, 0.16666667, 0.16666667, 0.16666667,
        0.16666667]], dtype=float32), array([[0.16926972, 0.16510878, 0.18443183, 0.1520965 , 0.14880048,
        0.18029269],
       [0.16933258, 0.1653964 , 0.18488574, 0.15076491, 0.14907435,
        0.18054602],
       [0.17055878, 0.16358555, 0.18538728, 0.1505639 , 0.14834985,
        0.18155463],
       [0.17075496, 0.16520675, 0.18461797, 0.15185705, 0.14864157,
        0.1789217 ],
       [0.17106659, 0.16500502, 0.18495064, 0.15062974, 0.14923982,
        0.17910819]]), array([[0.17075307, 0.16255069, 0.2026032 , 0.13799954, 0.13240822,
        0.19368529],
       [0.17082511, 0.16307433, 0.20353131, 0.13562206, 0.1328807 ,
        0.19406648],
       [0.17318245, 0.15940357, 0.20450476, 0.13515239, 0.13152964,
        0.19622719],
       [0.17379703, 0.16277941, 0.20298764, 0.1376345 , 0.13223768,
        0.19056374],
       [0.17436388, 0.16229906, 0.20369817, 0.13536695, 0.13313175,
        0.19114019]]), array([[0.17117347, 0.15912057, 0.22102081, 0.12453089, 0.11743779,
        0.20671647],
       [0.17121418, 0.15983952, 0.22244135, 0.12136968, 0.11805294,
        0.20708233],
       [0.17457568, 0.15430692, 0.22382477, 0.12059523, 0.11617028,
        0.21052713],
       [0.17584361, 0.15953308, 0.22163428, 0.1241435 , 0.11736616,
        0.20147938],
       [0.17657989, 0.15868834, 0.22274708, 0.12100702, 0.11832817,
        0.20264951]]), array([[0.17060925, 0.15495222, 0.23952715, 0.11180723, 0.10382967,
        0.21927448],
       [0.17059223, 0.15583656, 0.24145874, 0.10809524, 0.10454619,
        0.21947105],
       [0.17480831, 0.14848318, 0.2431592 , 0.10700727, 0.10222421,
        0.22431782],
       [0.17696411, 0.15561412, 0.24042095, 0.11148334, 0.1039333 ,
        0.21158419],
       [0.17776198, 0.15431838, 0.24193879, 0.10763646, 0.10480074,
        0.21354366]]), array([[0.16915451, 0.15017938, 0.25797243, 0.09990963, 0.0915175 ,
        0.23126656],
       [0.16906689, 0.15120877, 0.26043612, 0.09584761, 0.09230477,
        0.23113585],
       [0.17397491, 0.14211307, 0.26233292, 0.09445964, 0.08963259,
        0.23748687],
       [0.17724075, 0.15116129, 0.25921857, 0.09971434, 0.09184248,
        0.22082258],
       [0.17797822, 0.14933398, 0.26112353, 0.09530417, 0.09250807,
        0.22375204]]), array([[0.16691325, 0.14493115, 0.27621899, 0.08888718, 0.08042909,
        0.24262035],
       [0.16675405, 0.14609299, 0.27923967, 0.08464286, 0.08126402,
        0.24200641],
       [0.17218717, 0.1353642 , 0.28118917, 0.08298519, 0.07832647,
        0.24994781],
       [0.17676306, 0.1463021 , 0.27790861, 0.08886422, 0.08099588,
        0.22916613],
       [0.17731174, 0.14387384, 0.28016441, 0.08402682, 0.08139741,
        0.23322578]]), array([[0.16399406, 0.13932843, 0.29414462, 0.07876119, 0.07048761,
        0.25328408],
       [0.16377187, 0.14061573, 0.29775169, 0.07447035, 0.07135229,
        0.25203807],
       [0.1695667 , 0.12838686, 0.29959308, 0.07258463, 0.06822864,
        0.26164009],
       [0.17562336, 0.14115051, 0.29638494, 0.07893436, 0.07129618,
        0.23661066],
       [0.17585531, 0.13806662, 0.29894042, 0.07379437, 0.07140668,
        0.2419366 ]]), array([[0.16050551, 0.13348136, 0.31164467, 0.06952967, 0.06161307,
        0.26322573],
       [0.16023588, 0.13489076, 0.31587205, 0.06529845, 0.0624931 ,
        0.26120975],
       [0.16623852, 0.12131163, 0.31743359, 0.06323277, 0.05925583,
        0.27252765],
       [0.17391294, 0.13580605, 0.31455497, 0.06990557, 0.06264791,
        0.24317256],
       [0.1737064 , 0.13202832, 0.31734813, 0.06457562, 0.06246677,
        0.24987476]]), array([[0.15655237, 0.12748788, 0.32863298, 0.06117178, 0.05372375,
        0.27243124],
       [0.15625534, 0.12901784, 0.33351862, 0.05707992, 0.05460723,
        0.26952106],
       [0.1623257 , 0.11424859, 0.33462372, 0.05488462, 0.051321  ,
        0.28259636],
       [0.17171931, 0.1303538 , 0.3323401 , 0.06174331, 0.05495864,
        0.24888483],
       [0.17096306, 0.12586089, 0.33530236, 0.05632339, 0.05450384,
        0.25704647]]), array([[0.15223288, 0.12143299, 0.34504183, 0.05365221, 0.04673781,
        0.28090228],
       [0.15193069, 0.12308243, 0.35062675, 0.04975666, 0.04761461,
        0.27698887],
       [0.15794523, 0.10728773, 0.35109959, 0.04748101, 0.04433561,
        0.29185083],
       [0.16912428, 0.12486502, 0.34967557, 0.05440215, 0.04813993,
        0.25379305],
       [0.16772052, 0.11965177, 0.35273592, 0.04897919, 0.04744149,
        0.26347112]]), array([[0.14763683, 0.11538881, 0.36082107, 0.0469251 , 0.04057459,
        0.28865359],
       [0.14735211, 0.1171561 , 0.36714818, 0.04326375, 0.04143606,
        0.2836438 ],
       [0.15320511, 0.10050023, 0.36681851, 0.0409535 , 0.03821172,
        0.30031093],
       [0.16620266, 0.11939827, 0.36650995, 0.04782953, 0.04210797,
        0.25795162],
       [0.16406878, 0.11347419, 0.36959854, 0.04247736, 0.04120276,
        0.26917837]]), array([[0.1428445 , 0.10941509, 0.37593665, 0.04093757, 0.03515585,
        0.29571033],
       [0.14259883, 0.11129744, 0.38304948, 0.03753283, 0.03599463,
        0.28952679],
       [0.14820256, 0.09394028, 0.38175651, 0.03522864, 0.03286369,
        0.30800832],
       [0.16302175, 0.11400071, 0.38280417, 0.04196883, 0.03678409,
        0.26142046],
       [0.1600909 , 0.10738798, 0.38585537, 0.03674847, 0.03571182,
        0.27420545]]), array([[0.13792623, 0.10356009, 0.39036874, 0.03563266, 0.0304068 ,
        0.30210549],
       [0.13773915, 0.10555325, 0.39831024, 0.03249473, 0.03121673,
        0.29468589],
       [0.1430232 , 0.08764725, 0.3959055 , 0.03023127, 0.02820964,
        0.31498313],
       [0.15964109, 0.10870948, 0.39853041, 0.03676176, 0.03209506,
        0.2642622 ],
       [0.15586202, 0.10144076, 0.40148513, 0.03172205, 0.0308953 ,
        0.27859474]]), array([[0.13294246, 0.09786174, 0.40410971, 0.03095177, 0.02625682,
        0.30787751],
       [0.1328309 , 0.0999599 , 0.41292115, 0.02808156, 0.02703289,
        0.2991736 ],
       [0.13774088, 0.08164788, 0.40927042, 0.02588717, 0.02417248,
        0.32128117],
       [0.15611269, 0.10355313, 0.41367084, 0.03215029, 0.0279732 ,
        0.26653986],
       [0.15144889, 0.09566928, 0.41647813, 0.02732875, 0.02668334,
        0.2823916 ]]), array([[0.12794425, 0.09234881, 0.41716207, 0.0268366 , 0.02264004,
        0.31306823],
       [0.12792218, 0.09454471, 0.42688212, 0.02422813, 0.02337835,
        0.30304452],
       [0.13241812, 0.07595841, 0.42186653, 0.02212497, 0.02068057,
        0.32695141],
       [0.15248139, 0.0985529 , 0.42821625, 0.02807794, 0.02435642,
        0.2683151 ],
       [0.14690989, 0.09010084, 0.43083429, 0.02350192, 0.02301038,
        0.28564269]]), array([[0.12297392, 0.08704221, 0.42953648, 0.02323057, 0.0194956 ,
        0.31772121],
       [0.12305229, 0.08932734, 0.44020048, 0.02087299, 0.02019334,
        0.30635356],
       [0.12710689, 0.0705866 , 0.43371692, 0.01887744, 0.01766814,
        0.33204401],
       [0.14878545, 0.09372392, 0.44216481, 0.02449083, 0.02118803,
        0.26964696],
       [0.14229534, 0.08475469, 0.44456123, 0.02017866, 0.01981555,
        0.28839453]]), array([[0.11806595, 0.08195613, 0.44124994, 0.02007984, 0.01676786,
        0.32188028],
       [0.11825278, 0.08432104, 0.45288943, 0.0179591 , 0.01742316,
        0.30915448],
       [0.12184956, 0.06553348, 0.44485029, 0.01608235, 0.01507546,
        0.33660885],
       [0.14505712, 0.0890763 , 0.45552076, 0.02133827, 0.01841663,
        0.27059092],
       [0.13764799, 0.07964336, 0.45767264, 0.01730055, 0.017043  ,
        0.29069246]]), array([[0.1132478 , 0.07709925, 0.45232416, 0.01733401, 0.01440629,
        0.32558849],
       [0.11354843, 0.07953377, 0.46496655, 0.0154341 , 0.01501821,
        0.31149893],
       [0.11668002, 0.06079493, 0.45529918, 0.01368286, 0.01284872,
        0.34069428],
       [0.1413233 , 0.08461605, 0.46829331, 0.01857318, 0.01599581,
        0.27119834],
       [0.13300371, 0.07477383, 0.47018669, 0.01481399, 0.01464188,
        0.2925799 ]]), array([[0.1085409 , 0.07247565, 0.46278419, 0.01494649, 0.01236542,
        0.32888735],
       [0.10895824, 0.07496923, 0.47645262, 0.01325045, 0.01293378,
        0.31343568],
       [0.11162474, 0.05636293, 0.4650984 , 0.01162766, 0.01093986,
        0.34434642],
       [0.13760619, 0.08034589, 0.48049554, 0.01615225, 0.01388388,
        0.27151625],
       [0.12839214, 0.07014863, 0.48212478, 0.01267035, 0.0125663 ,
        0.2940978 ]]), array([[0.10396146, 0.06808579, 0.47265725, 0.01287472, 0.01060452,
        0.33181625],
       [0.10449633, 0.07062771, 0.4873706 , 0.01136533, 0.01112982,
        0.31501022],
       [0.10670387, 0.05222666, 0.47428382, 0.00987088, 0.00930623,
        0.34760854],
       [0.13392386, 0.07626592, 0.49214355, 0.014036  , 0.0120435 ,
        0.27158717],
       [0.12383748, 0.06576674, 0.49351045, 0.01082586, 0.01077512,
        0.29528434]]), array([[0.09952131, 0.06392724, 0.4819718 , 0.01108014, 0.00908738,
        0.33441211],
       [0.10017272, 0.06650687, 0.49774477, 0.00974047, 0.00957066,
        0.3162645 ],
       [0.10193223, 0.0483734 , 0.48289146, 0.00837182, 0.00791023,
        0.35052085],
       [0.13029085, 0.0723742 , 0.50325561, 0.01218866, 0.01044142,
        0.27144927],
       [0.11935912, 0.06162438, 0.50436853, 0.00924148, 0.0092317 ,
        0.29617479]]), array([[0.0952286 , 0.05999536, 0.49075677, 0.00952812, 0.00778195,
        0.3367092 ],
       [0.0959941 , 0.06260231, 0.50760011, 0.00834189, 0.00822469,
        0.3172369 ],
       [0.09732015, 0.0447892 , 0.49095679, 0.00709467, 0.00671887,
        0.35312032],
       [0.12671866, 0.06866721, 0.51385151, 0.01057806, 0.00904807,
        0.27113649],
       [0.11497235, 0.05771571, 0.51472437, 0.00788259, 0.00790354,
        0.29680143]]), array([[0.09108844, 0.05628383, 0.49904098, 0.00818774, 0.00665997,
        0.33873903],
       [0.09196439, 0.05890813, 0.51696173, 0.00713955, 0.00706399,
        0.31796221],
       [0.09287431, 0.04145941, 0.49851418, 0.00600806, 0.00570335,
        0.35544068],
       [0.12321621, 0.06514029, 0.523952  , 0.00917541, 0.00783728,
        0.27067881],
       [0.11068895, 0.05403333, 0.52460339, 0.00671866, 0.00676201,
        0.29719366]]), array([[0.08710351, 0.05278513, 0.50685273, 0.00703155, 0.00569665,
        0.34053043],
       [0.08808533, 0.05541733, 0.52585447, 0.00610703, 0.006064  ,
        0.31847185],
       [0.08859841, 0.03836917, 0.5055966 , 0.00508467, 0.00483862,
        0.35751254],
       [0.11979027, 0.06178789, 0.53357835, 0.00795502, 0.0067859 ,
        0.27010257],
       [0.10651771, 0.05056877, 0.5340306 , 0.0057229 , 0.00578193,
        0.29737809]]), array([[0.08327446, 0.04949089, 0.51421944, 0.00603532, 0.00487031,
        0.34210958],
       [0.08435687, 0.05212213, 0.53430264, 0.0052212 , 0.00520322,
        0.31879394],
       [0.08449373, 0.03550365, 0.51223536, 0.00430081, 0.00410296,
        0.35936349],
       [0.11644575, 0.05860388, 0.54275193, 0.00689413, 0.00587357,
        0.26943074],
       [0.10246495, 0.04731283, 0.54303035, 0.00487192, 0.00494128,
        0.29737867]]), array([[0.07960039, 0.04639223, 0.52116745, 0.00517774, 0.00416205,
        0.34350014],
       [0.0807776 , 0.0490143 , 0.54232977, 0.00446187, 0.00446282,
        0.31895365],
       [0.08055966, 0.03284833, 0.51846001, 0.00363602, 0.00347762,
        0.36101835],
       [0.11318607, 0.05558173, 0.55149398, 0.00597257, 0.00508237,
        0.26868327],
       [0.09853491, 0.04425589, 0.55162608, 0.00414536, 0.00422084,
        0.29721693]]), array([[0.07607918, 0.04347994, 0.52772189, 0.00444013, 0.00355543,
        0.34472343],
       [0.07734504, 0.04608532, 0.54995848, 0.00381145, 0.00382639,
        0.31897331],
       [0.07679412, 0.03038915, 0.52429828, 0.00307266, 0.00294644,
        0.36249934],
       [0.11001341, 0.0527147 , 0.55982533, 0.00517259, 0.00439659,
        0.26787738],
       [0.09473013, 0.0413881 , 0.55984022, 0.00352553, 0.0036039 ,
        0.29691212]]), array([[0.07270774, 0.04074471, 0.53390658, 0.00380617, 0.0030362 ,
        0.34579861],
       [0.07405592, 0.04332658, 0.55721037, 0.00325471, 0.00327966,
        0.31887276],
       [0.07319386, 0.02811263, 0.52977607, 0.00259561, 0.00249554,
        0.36382629],
       [0.10692891, 0.04999593, 0.56776628, 0.00447853, 0.00380246,
        0.26702788],
       [0.09105175, 0.03869961, 0.5676941 , 0.00299715, 0.00307596,
        0.29648143]]), array([[0.06948227, 0.03817729, 0.53974399, 0.00326165, 0.00259203,
        0.34674278],
       [0.07090634, 0.04072949, 0.56410601, 0.00277843, 0.00281025,
        0.31866949],
       [0.0697548 , 0.02600593, 0.53491752, 0.00219189, 0.00211299,
        0.36501688],
       [0.10393288, 0.04741859, 0.57533647, 0.00387669, 0.00328795,
        0.26614743],
       [0.08749979, 0.03618068, 0.57520788, 0.00254703, 0.00262445,
        0.29594017]]), array([[0.06639847, 0.03576854, 0.54525527, 0.00279422, 0.00221224,
        0.34757126],
       [0.067892  , 0.0382856 , 0.57066486, 0.00237119, 0.0024074 ,
        0.31837894],
       [0.0664722 , 0.02405692, 0.53974503, 0.00185042, 0.0017886 ,
        0.36608683],
       [0.10102496, 0.04497591, 0.58255476, 0.00335503, 0.00284256,
        0.26524679],
       [0.08407334, 0.03382176, 0.5824006 , 0.0021638 , 0.00223852,
        0.29530198]]), array([[0.06345166, 0.03350956, 0.55046026, 0.00239316, 0.00188767,
        0.34829769],
       [0.0650083 , 0.03598667, 0.57690534, 0.00202315, 0.00206184,
        0.3180147 ],
       [0.06334091, 0.02225416, 0.5442794 , 0.00156175, 0.00151365,
        0.36705013],
       [0.09820425, 0.04266127, 0.58943921, 0.00290306, 0.00245712,
        0.26433508],
       [0.08077079, 0.03161359, 0.58929016, 0.00183769, 0.00190881,
        0.29457896]]), array([[0.06063695, 0.03139176, 0.5553775 , 0.00204921, 0.00161038,
        0.3489342 ],
       [0.06225049, 0.03382471, 0.58284481, 0.00172582, 0.00176552,
        0.31758866],
       [0.06035549, 0.02058693, 0.54853991, 0.0013178 , 0.0012807 ,
        0.36791917],
       [0.09546944, 0.04046825, 0.59600707, 0.0025116 , 0.00212367,
        0.26341997],
       [0.07758997, 0.02954725, 0.59589335, 0.00156032, 0.00162726,
        0.29378185]]), array([[0.05794929, 0.02940684, 0.56002436, 0.00175435, 0.00137357,
        0.34949159],
       [0.0596137 , 0.031792  , 0.5884996 , 0.0014719 , 0.00151151,
        0.31711128],
       [0.05751032, 0.01904521, 0.55254439, 0.00111174, 0.0010834 ,
        0.36870495],
       [0.09281889, 0.03839061, 0.60227473, 0.00217264, 0.00183526,
        0.26250787],
       [0.07452825, 0.0276142 , 0.60222594, 0.00132451, 0.00138692,
        0.29292019]]), array([[0.05538361, 0.02754688, 0.56441702, 0.00150166, 0.0011714 ,
        0.34997943],
       [0.05709306, 0.02988118, 0.5938851 , 0.00125513, 0.00129385,
        0.31659169],
       [0.05479971, 0.01761965, 0.55630935, 0.00093774, 0.00091634,
        0.36941722],
       [0.09025072, 0.03642236, 0.60825774, 0.00187922, 0.00158587,
        0.26160409],
       [0.0715827 , 0.02580627, 0.60830268, 0.00112409, 0.00118183,
        0.29200242]]), array([[0.05293483, 0.02580432, 0.56857061, 0.00128517, 0.00099884,
        0.35040624],
       [0.05468374, 0.02808518, 0.59901575, 0.00107012, 0.00110737,
        0.31603783],
       [0.05221797, 0.01630154, 0.55985008, 0.00079085, 0.00077493,
        0.37006463],
       [0.08776284, 0.03455776, 0.61397083, 0.00162528, 0.00137026,
        0.26071303],
       [0.06875015, 0.02411571, 0.61413738, 0.00095382, 0.00100689,
        0.29103605]]), array([[0.05059792, 0.02417198, 0.57249921, 0.00109974, 0.0008516 ,
        0.35077955],
       [0.05238098, 0.0263973 , 0.60390514, 0.00091226, 0.00094764,
        0.31545667],
       [0.04975948, 0.01508281, 0.56318073, 0.00066687, 0.00065526,
        0.37065484],
       [0.08535307, 0.03279133, 0.61942795, 0.00140555, 0.00118388,
        0.25983823],
       [0.06602725, 0.02253515, 0.61974299, 0.0008092 , 0.00085771,
        0.29002771]]), array([[4.83679807e-02, 2.26430549e-02, 5.76215981e-01, 9.40961757e-04,
        7.25981679e-04, 3.51106040e-01],
       [5.01801127e-02, 2.48111649e-02, 6.08566009e-01, 7.77601027e-04,
        8.10867477e-04, 3.14854245e-01],
       [4.74187203e-02, 1.39559549e-02, 5.66314410e-01, 5.62268835e-04,
        5.54003772e-04, 3.71194642e-01],
       [8.30191212e-02, 3.11178147e-02, 6.24642253e-01, 1.21543987e-03,
        1.02279067e-03, 2.58982580e-01],
       [6.34105615e-02, 2.10576476e-02, 6.25131598e-01, 6.86398293e-04,
        7.30512221e-04, 2.88983282e-01]]), array([[4.62401988e-02, 2.12111139e-02, 5.79733194e-01, 8.05024310e-04,
        6.18835714e-04, 3.51391633e-01],
       [4.80766179e-02, 2.33207241e-02, 6.13010350e-01, 6.62747459e-04,
        6.93764350e-04, 3.14235796e-01],
       [4.51902887e-02, 1.29140252e-02, 5.69263271e-01, 4.74021930e-04,
        4.68350289e-04, 3.71690043e-01],
       [8.07586571e-02, 2.95322492e-02, 6.29626180e-01, 1.05099232e-03,
        8.83582450e-04, 2.58148339e-01],
       [6.08965747e-02, 1.96766354e-02, 6.30314555e-01, 5.82153965e-04,
        6.22097039e-04, 2.87907984e-01]]), array([[4.42099250e-02, 1.98700849e-02, 5.83062296e-01, 6.88664687e-04,
        5.27459317e-04, 3.51641570e-01],
       [4.60661115e-02, 2.19202663e-02, 6.17249421e-01, 5.64806317e-04,
        5.93520824e-04, 3.13605874e-01],
       [4.30689570e-02, 1.19505861e-02, 5.72038584e-01, 3.99588722e-04,
        3.95905168e-04, 3.72146379e-01],
       [7.85693265e-02, 2.80298975e-02, 6.34391458e-01, 9.08756291e-04,
        7.63293451e-04, 2.57337268e-01],
       [5.84817661e-02, 1.83859318e-02, 6.35302480e-01, 4.93679173e-04,
        5.29706764e-04, 2.86806436e-01]]), array([[4.22726620e-02, 1.86142485e-02, 5.86213977e-01, 5.89078878e-04,
        4.49542879e-04, 3.51860490e-01],
       [4.41443656e-02, 2.06043927e-02, 6.21293808e-01, 4.81300091e-04,
        5.07722305e-04, 3.12968412e-01],
       [4.10496671e-02, 1.10596835e-02, 5.74650814e-01, 3.36816532e-04,
        3.34640541e-04, 3.72568378e-01],
       [7.64487786e-02, 2.66062716e-02, 6.38949153e-01, 7.85743978e-04,
        6.59361599e-04, 2.56550692e-01],
       [5.61626215e-02, 1.71797219e-02, 6.40105334e-01, 4.18602957e-04,
        4.50987653e-04, 2.85682732e-01]]), array([[4.04240781e-02, 1.74382233e-02, 5.89198227e-01, 5.03860548e-04,
        3.83112204e-04, 3.52052499e-01],
       [4.23073136e-02, 1.93680104e-02, 6.25153463e-01, 4.10111029e-04,
        4.34296943e-04, 3.12326805e-01],
       [3.91275462e-02, 1.02358113e-02, 5.77109684e-01, 2.83885640e-04,
        2.82837586e-04, 3.72960235e-01],
       [7.43946824e-02, 2.52571191e-02, 6.43309700e-01, 6.79366088e-04,
        5.69569239e-04, 2.55789563e-01],
       [5.39356614e-02, 1.60525420e-02, 6.44732458e-01, 3.54907377e-04,
        3.83928221e-04, 2.84540503e-01]]), array([[3.86600126e-02, 1.63369511e-02, 5.92024381e-01, 4.30945612e-04,
        3.26480504e-04, 3.52221229e-01],
       [4.05510536e-02, 1.82063192e-02, 6.28837756e-01, 3.49429671e-04,
        3.71467716e-04, 3.11683974e-01],
       [3.72979135e-02, 9.47387999e-03, 5.79424240e-01, 2.39258428e-04,
        2.39040010e-04, 3.73325668e-01],
       [7.24047422e-02, 2.39784143e-02, 6.47482944e-01, 5.87379563e-04,
        4.91997488e-04, 2.55054523e-01],
       [5.17974598e-02, 1.49992645e-02, 6.49192624e-01, 3.00875780e-04,
        3.26810289e-04, 2.83382966e-01]]), array([[3.69764777e-02, 1.53056824e-02, 5.94701176e-01, 3.68564301e-04,
        2.78207098e-04, 3.52369893e-01],
       [3.88718487e-02, 1.71147990e-02, 6.32355505e-01, 2.97710568e-04,
        3.17711041e-04, 3.11042426e-01],
       [3.55562822e-02, 8.76918676e-03, 5.81602904e-01, 2.01636138e-04,
        2.02014388e-04, 3.73667976e-01],
       [7.04767074e-02, 2.27663492e-02, 6.51478168e-01, 5.07841947e-04,
        4.24986478e-04, 2.54345947e-01],
       [4.97446589e-02, 1.40150806e-02, 6.53494072e-01, 2.55048445e-04,
        2.78166833e-04, 2.82212973e-01]]), array([[3.53696581e-02, 1.43399603e-02, 5.97236788e-01, 3.15199747e-04,
        2.37061908e-04, 3.52501331e-01],
       [3.72661260e-02, 1.60891959e-02, 6.35715017e-01, 2.53634203e-04,
        2.71721052e-04, 3.10404305e-01],
       [3.38983603e-02, 8.11738707e-03, 5.83653526e-01, 1.69922119e-04,
        1.70716379e-04, 3.73990089e-01],
       [6.86083818e-02, 2.16173237e-02, 6.55304130e-01, 4.39071597e-04,
        3.67100759e-04, 2.53663992e-01],
       [4.77739801e-02, 1.30954840e-02, 6.57644552e-01, 2.16184613e-04,
        2.36745751e-04, 2.81033054e-01]]), array([[3.38359094e-02, 1.34356054e-02, 5.99638883e-01, 2.69552263e-04,
        2.01994971e-04, 3.52618055e-01],
       [3.57304738e-02, 1.51255093e-02, 6.38924127e-01, 2.16074298e-04,
        2.32378816e-04, 3.09771437e-01],
       [3.23200481e-02, 7.51446814e-03, 5.85583428e-01, 1.43190645e-04,
        1.44261983e-04, 3.74294603e-01],
       [6.67976290e-02, 2.05279356e-02, 6.58969097e-01, 3.79613033e-04,
        3.17099243e-04, 2.53008626e-01],
       [4.58822323e-02, 1.22362545e-02, 6.61651355e-01, 1.83229998e-04,
        2.01478734e-04, 2.79845449e-01]]), array([[3.23717543e-02, 1.25887003e-02, 6.01914644e-01, 2.30508564e-04,
        1.72110303e-04, 3.52722282e-01],
       [3.42616378e-02, 1.42199781e-02, 6.41990220e-01, 1.84069772e-04,
        1.98725822e-04, 3.09145369e-01],
       [3.08174350e-02, 6.95672404e-03, 5.87399450e-01, 1.20660471e-04,
        1.21903108e-04, 3.74583827e-01],
       [6.50423771e-02, 1.94949709e-02, 6.62480871e-01, 3.28206802e-04,
        2.73909090e-04, 2.52379665e-01],
       [4.40663170e-02, 1.14334411e-02, 6.65521351e-01, 1.55289045e-04,
        1.71454573e-04, 2.78652147e-01]]), array([[3.09738781e-02, 1.17955751e-02, 6.04070817e-01, 1.97115268e-04,
        1.46643483e-04, 3.52815971e-01],
       [3.28565163e-02, 1.33690679e-02, 6.44920271e-01, 1.56800702e-04,
        1.69941171e-04, 3.08527403e-01],
       [2.93867948e-02, 6.44073249e-03, 5.89107987e-01, 1.01672434e-04,
        1.03006807e-04, 3.74859807e-01],
       [6.33406211e-02, 1.85153942e-02, 6.65846821e-01, 2.83763276e-04,
        2.36603058e-04, 2.51776798e-01],
       [4.23232329e-02, 1.06833474e-02, 6.69261015e-01, 1.31601238e-04,
        1.45896266e-04, 2.77454907e-01]]), array([[2.96391243e-02, 1.10527923e-02, 6.06113735e-01, 1.68556106e-04,
        1.24942469e-04, 3.52900850e-01],
       [3.15121552e-02, 1.25694581e-02, 6.47720867e-01, 1.33567734e-04,
        1.45321962e-04, 3.07918629e-01],
       [2.80245797e-02, 5.96333325e-03, 5.90715019e-01, 8.56704781e-05,
        8.70376597e-05, 3.75124360e-01],
       [6.16904251e-02, 1.75863391e-02, 6.69073906e-01, 2.45339907e-04,
        2.04379856e-04, 2.51199610e-01],
       [4.06500777e-02, 9.98251523e-03, 6.72876456e-01, 1.11520902e-04,
        1.24141416e-04, 2.76255289e-01]]), array([[2.83644884e-02, 1.03571335e-02, 6.08049353e-01, 1.44132339e-04,
        1.06451170e-04, 3.52978442e-01],
       [3.02257424e-02, 1.18180300e-02, 6.50398233e-01, 1.13774466e-04,
        1.24266436e-04, 3.07319953e-01],
       [2.67274146e-02, 5.52160804e-03, 5.92226149e-01, 7.21856150e-05,
        7.35428211e-05, 3.75379100e-01],
       [6.00899227e-02, 1.67050992e-02, 6.72168708e-01, 2.12121488e-04,
        1.76547123e-04, 2.50647601e-01],
       [3.90440491e-02, 9.32771108e-03, 6.76373441e-01, 9.44999808e-05,
        1.05625454e-04, 2.75054674e-01]]), array([[2.71471122e-02, 9.70558583e-03, 6.09883270e-01, 1.23245933e-04,
        9.06954058e-05, 3.53050090e-01],
       [2.89946021e-02, 1.11118548e-02, 6.52958256e-01, 9.69123732e-05,
        1.06259514e-04, 3.06732115e-01],
       [2.54920903e-02, 5.11286199e-03, 5.93646630e-01, 6.08223456e-05,
        6.21393419e-05, 3.75625456e-01],
       [5.85373169e-02, 1.58691189e-02, 6.75137448e-01, 1.83403025e-04,
        1.52506676e-04, 2.50120207e-01],
       [3.75024451e-02, 8.71591175e-03, 6.79757419e-01, 8.00733742e-05,
        8.98672867e-05, 2.73854284e-01]]), array([[2.59842779e-02, 9.09532946e-03, 6.11620761e-01, 1.05385123e-04,
        7.72708888e-05, 3.53116976e-01],
       [2.78161886e-02, 1.04481824e-02, 6.55406507e-01, 8.25479230e-05,
        9.08603665e-05, 3.06155714e-01],
       [2.43155569e-02, 4.73460638e-03, 5.94981388e-01, 5.12471912e-05,
        5.25034232e-05, 3.75864698e-01],
       [5.70308796e-02, 1.50759855e-02, 6.77986011e-01, 1.58574897e-04,
        1.31741751e-04, 2.49616807e-01],
       [3.60226630e-02, 8.14429138e-03, 6.83033543e-01, 6.78464515e-05,
        7.64570306e-05, 2.72655199e-01]]), array([[2.48734015e-02, 8.52372535e-03, 6.13266792e-01, 9.01120240e-05,
        6.58329685e-05, 3.53180136e-01],
       [2.66880810e-02, 9.82443098e-03, 6.57748260e-01, 7.03115626e-05,
        7.76917613e-05, 3.05591225e-01],
       [2.31949170e-02, 4.38454274e-03, 5.96235050e-01, 4.31790001e-05,
        4.43613113e-05, 3.76097950e-01],
       [5.55689503e-02, 1.43234207e-02, 6.80719970e-01, 1.37110000e-04,
        1.13805947e-04, 2.49136743e-01],
       [3.46021983e-02, 7.61020888e-03, 6.86206690e-01, 5.74844295e-05,
        6.50455263e-05, 2.71458373e-01]]), array([[2.38120275e-02, 7.98830405e-03, 6.14826045e-01, 7.70520056e-05,
        5.60878624e-05, 3.53240484e-01],
       [2.56079770e-02, 9.23817664e-03, 6.59988510e-01, 5.98883129e-05,
        6.64309252e-05, 3.05039017e-01],
       [2.21274187e-02, 4.06054816e-03, 5.97411963e-01, 3.63807614e-05,
        3.74815863e-05, 3.76326208e-01],
       [5.41499348e-02, 1.36092732e-02, 6.83344599e-01, 1.18552601e-04,
        9.83136722e-05, 2.48679327e-01],
       [3.32386426e-02, 7.11119626e-03, 6.89281473e-01, 4.87033383e-05,
        5.53353883e-05, 2.70264649e-01]]), array([[2.27978221e-02, 7.48675490e-03, 6.16302938e-01, 6.58845884e-05,
        4.77851721e-05, 3.53298815e-01],
       [2.45736873e-02, 8.68714400e-03, 6.62131995e-01, 5.10097357e-05,
        5.68017089e-05, 3.04499362e-01],
       [2.11104491e-02, 3.76066172e-03, 5.98516214e-01, 3.06526928e-05,
        3.16686328e-05, 3.76550353e-01],
       [5.27723035e-02, 1.29315112e-02, 6.85864898e-01, 1.02508700e-04,
        8.49318734e-05, 2.48243847e-01],
       [3.19296815e-02, 6.64494744e-03, 6.92262268e-01, 4.12623409e-05,
        4.70733611e-05, 2.69074768e-01]]), array([[2.18285679e-02, 7.01691594e-03, 6.17701640e-01, 5.63356392e-05,
        4.07114926e-05, 3.53355829e-01],
       [2.35831301e-02, 8.16919705e-03, 6.64183204e-01, 4.34470773e-05,
        4.85678733e-05, 3.03972454e-01],
       [2.01415273e-02, 3.48307192e-03, 5.99551651e-01, 2.58264061e-05,
        2.67571134e-05, 3.76771166e-01],
       [5.14345891e-02, 1.22882155e-02, 6.88285604e-01, 8.86376811e-05,
        7.33728899e-05, 2.47829581e-01],
       [3.06730923e-02, 6.20930784e-03, 6.95153218e-01, 3.49572065e-05,
        4.00437973e-05, 2.67889380e-01]]), array([[2.09021578e-02, 6.57676438e-03, 6.19026090e-01, 4.81706861e-05,
        3.46849602e-05, 3.53412132e-01],
       [2.26343259e-02, 7.68233069e-03, 6.66146398e-01, 3.70054171e-05,
        4.15273371e-05, 3.03458413e-01],
       [1.92182983e-02, 3.22610518e-03, 6.00521895e-01, 2.17599837e-05,
        2.26072914e-05, 3.76989334e-01],
       [5.01353851e-02, 1.16775733e-02, 6.90611211e-01, 7.66450868e-05,
        6.33882729e-05, 2.47435797e-01],
       [2.94667412e-02, 5.80226454e-03, 6.97958257e-01, 2.96147654e-05,
        3.40630930e-05, 2.66709060e-01]]), array([[2.00165896e-02, 6.16440763e-03, 6.20280008e-01, 4.11891932e-05,
        2.95505995e-05, 3.53468254e-01],
       [2.17253920e-02, 7.22466263e-03, 6.68025620e-01, 3.15186742e-05,
        3.55072502e-05, 3.02957299e-01],
       [1.83385268e-02, 2.98821515e-03, 6.01430360e-01, 1.83338243e-05,
        1.91010739e-05, 3.77205464e-01],
       [4.88733431e-02, 1.10978715e-02, 6.92845982e-01, 6.62763715e-05,
        5.47634453e-05, 2.47061763e-01],
       [2.83085803e-02, 5.42193705e-03, 7.00681114e-01, 2.50881994e-05,
        2.89749421e-05, 2.65534305e-01]]), array([[1.91699608e-02, 5.77807494e-03, 6.21466915e-01, 3.52196585e-05,
        2.51763551e-05, 3.53524654e-01],
       [2.08545377e-02, 6.79442589e-03, 6.69824710e-01, 2.68453498e-05,
        3.03597739e-05, 3.02469121e-01],
       [1.75000908e-02, 2.76797291e-03, 6.02280262e-01, 1.54471395e-05,
        1.61386645e-05, 3.77420088e-01],
       [4.76471708e-02, 1.05474915e-02, 6.94993964e-01, 5.73114940e-05,
        4.73130860e-05, 2.46706749e-01],
       [2.71966452e-02, 5.06656868e-03, 7.03325332e-01, 2.12530432e-05,
        2.46462899e-05, 2.64365555e-01]]), array([[1.83604633e-02, 5.41610948e-03, 6.22590137e-01, 3.01154173e-05,
        2.14497065e-05, 3.53581725e-01],
       [2.00200599e-02, 6.38996163e-03, 6.71547316e-01, 2.28648945e-05,
        2.59584690e-05, 3.01993839e-01],
       [1.67009764e-02, 2.56405789e-03, 6.03074638e-01, 1.30149975e-05,
        1.36357324e-05, 3.77633677e-01],
       [4.64556300e-02, 1.00249034e-02, 6.97058998e-01, 4.95602425e-05,
        4.08771427e-05, 2.46370031e-01],
       [2.61290518e-02, 4.73451840e-03, 7.05894276e-01, 1.80037899e-05,
        2.09638837e-05, 2.63203186e-01]]), array([[1.75863788e-02, 5.07696103e-03, 6.23652827e-01, 2.57510502e-05,
        1.82747822e-05, 3.53639807e-01],
       [1.92203378e-02, 6.00971251e-03, 6.73196903e-01, 1.94746117e-05,
        2.21952029e-05, 3.01531377e-01],
       [1.59392715e-02, 2.37524954e-03, 6.03816353e-01, 1.09658319e-05,
        1.15210181e-05, 3.77846639e-01],
       [4.52975339e-02, 9.52866089e-03, 6.99044736e-01, 4.28581916e-05,
        3.53173866e-05, 2.46050894e-01],
       [2.51039934e-02, 4.42425329e-03, 7.08391142e-01, 1.52510097e-05,
        1.78313330e-05, 2.62047529e-01]]), array([[1.68460739e-02, 4.75917900e-03, 6.24657968e-01, 2.20193092e-05,
        1.55698987e-05, 3.53699190e-01],
       [1.84538296e-02, 5.65221639e-03, 6.74776765e-01, 1.65870169e-05,
        1.89775029e-05, 3.01081624e-01],
       [1.52131613e-02, 2.20041963e-03, 6.04508112e-01, 9.23934022e-06,
        9.73430971e-06, 3.78059334e-01],
       [4.41717454e-02, 9.05739633e-03, 7.00954646e-01, 3.70632066e-05,
        3.05144366e-05, 2.45748634e-01],
       [2.41197379e-02, 4.13434140e-03, 7.10818971e-01, 1.29189055e-05,
        1.51666046e-05, 2.60898865e-01]]), array([[1.61379956e-02, 4.46140602e-03, 6.25608385e-01, 1.88284879e-05,
        1.32654626e-05, 3.53760119e-01],
       [1.77190675e-02, 5.31610045e-03, 6.76290037e-01, 1.41275875e-05,
        1.62262916e-05, 3.00644441e-01],
       [1.45209227e-02, 2.03852517e-03, 6.05152470e-01, 7.78471226e-06,
        8.22473128e-06, 3.78272072e-01],
       [4.30771746e-02, 8.60981648e-03, 7.02792029e-01, 3.20524208e-05,
        2.63651885e-05, 2.45462563e-01],
       [2.31746250e-02, 3.86344511e-03, 7.13180652e-01, 1.09432384e-05,
        1.28998884e-05, 2.59757435e-01]]), array([[1.54606677e-02, 4.18237188e-03, 6.26506758e-01, 1.61001709e-05,
        1.13021827e-05, 3.53822800e-01],
       [1.70146544e-02, 5.00007568e-03, 6.77739699e-01, 1.20328438e-05,
        1.38739478e-05, 3.00219664e-01],
       [1.38609201e-02, 1.88860184e-03, 6.05751846e-01, 6.55913707e-06,
        6.94929639e-06, 3.78485124e-01],
       [4.20127767e-02, 8.18469801e-03, 7.04560020e-01, 2.77196230e-05,
        2.27805953e-05, 2.45192005e-01],
       [2.22670629e-02, 3.61031491e-03, 7.15478935e-01, 9.26956847e-06,
        1.09717797e-05, 2.58623446e-01]]), array([[1.48126858e-02, 3.92088785e-03, 6.27355625e-01, 1.37673088e-05,
        9.62954564e-06, 3.53887404e-01],
       [1.63392600e-02, 4.70293166e-03, 6.79128587e-01, 1.02487142e-05,
        1.18626491e-05, 2.99807110e-01],
       [1.32315999e-02, 1.74975800e-03, 6.06308522e-01, 5.52654427e-06,
        5.87168535e-06, 3.78698722e-01],
       [4.09775503e-02, 7.78088357e-03, 7.06261606e-01, 2.39729985e-05,
        1.96837498e-05, 2.44936303e-01],
       [2.13955263e-02, 3.37378363e-03, 7.17716438e-01, 7.85176244e-06,
        9.33173069e-06, 2.57497068e-01]]), array([[1.41927146e-02, 3.67584140e-03, 6.28157396e-01, 1.17725720e-05,
        8.20451697e-06, 3.53954071e-01],
       [1.56916175e-02, 4.42353174e-03, 6.80459400e-01, 8.72914203e-06,
        1.01429527e-05, 2.99406578e-01],
       [1.26314871e-02, 1.62116913e-03, 6.06824661e-01, 4.65654319e-06,
        4.96121177e-06, 3.78913065e-01],
       [3.99705351e-02, 7.39727797e-03, 7.07899628e-01, 2.07331766e-05,
        1.70082280e-05, 2.44694818e-01],
       [2.05585533e-02, 3.15276095e-03, 7.19895653e-01, 6.65072787e-06,
        7.93673202e-06, 2.56378445e-01]]), array([[1.35994835e-02, 3.44619130e-03, 6.28914354e-01, 1.00669420e-05,
        6.99043433e-06, 3.54022913e-01],
       [1.50705198e-02, 4.16080844e-03, 6.81734709e-01, 7.43489822e-06,
        8.67258208e-06, 2.99017855e-01],
       [1.20591808e-02, 1.50207266e-03, 6.07302308e-01, 3.92352886e-06,
        4.19194913e-06, 3.79128323e-01],
       [3.89908100e-02, 7.03284469e-03, 7.09476792e-01, 1.79315430e-05,
        1.46966600e-05, 2.44466925e-01],
       [1.97547426e-02, 2.94622835e-03, 7.22018952e-01, 5.63334013e-06,
        6.75019029e-06, 2.55267694e-01]]), array([[1.30317835e-02, 3.23096293e-03, 6.29628670e-01, 8.60850682e-06,
        5.95606416e-06, 3.54094019e-01],
       [1.44748172e-02, 3.91375923e-03, 6.82956960e-01, 6.33256956e-06,
        7.41538865e-06, 2.98640715e-01],
       [1.15133503e-02, 1.39176330e-03, 6.07743401e-01, 3.30592863e-06,
        3.54199267e-06, 3.79344638e-01],
       [3.80374915e-02, 6.68660254e-03, 7.10995674e-01, 1.55087812e-05,
        1.26994943e-05, 2.44252023e-01],
       [1.89827516e-02, 2.75323439e-03, 7.24088595e-01, 4.77153245e-06,
        5.74097208e-06, 2.54164906e-01]]), array([[1.24884641e-02, 3.02924400e-03, 6.30302401e-01, 7.36143132e-06,
        5.07479799e-06, 3.54167455e-01],
       [1.39034136e-02, 3.68144247e-03, 6.84128486e-01, 5.39369696e-06,
        6.34046424e-06, 2.98274924e-01],
       [1.09927314e-02, 1.28958866e-03, 6.08149773e-01, 2.78556723e-06,
        2.99283566e-06, 3.79562128e-01],
       [3.71097318e-02, 6.35762250e-03, 7.12458731e-01, 1.34136114e-05,
        1.09739319e-05, 2.44049527e-01],
       [1.82412932e-02, 2.57289026e-03, 7.26106737e-01, 4.04152447e-06,
        4.88259029e-06, 2.53070155e-01]]), array([[1.19684301e-02, 2.84018052e-03, 6.30937503e-01, 6.29507598e-06,
        4.32396761e-06, 3.54243267e-01],
       [1.33552644e-02, 3.46297369e-03, 6.85251508e-01, 4.59404121e-06,
        5.42138155e-06, 2.97920238e-01],
       [1.04961229e-02, 1.19494523e-03, 6.08523164e-01, 2.34713185e-06,
        2.52884238e-06, 3.79780892e-01],
       [3.62067170e-02, 6.04502482e-03, 7.13868302e-01, 1.16017005e-05,
        9.48300509e-06, 2.43858871e-01],
       [1.75291342e-02, 2.40436563e-03, 7.28075430e-01, 3.42316828e-06,
        4.15251149e-06, 2.51983494e-01]]), array([[1.14706388e-02, 2.66297301e-03, 6.31535833e-01, 5.38324370e-06,
        3.68426166e-06, 3.54321487e-01],
       [1.28293733e-02, 3.25752205e-03, 6.86328143e-01, 3.91295738e-06,
        4.63554479e-06, 2.97576413e-01],
       [1.00223835e-02, 1.10727464e-03, 6.08865220e-01, 1.97772134e-06,
        2.13680272e-06, 3.80001007e-01],
       [3.53276656e-02, 5.74797626e-03, 7.15226618e-01, 1.00347209e-05,
        8.19478246e-06, 2.43679510e-01],
       [1.68450926e-02, 2.24688483e-03, 7.29996632e-01, 2.89939408e-06,
        3.53156634e-06, 2.50904959e-01]]), array([[1.09940972e-02, 2.49687299e-03, 6.32099157e-01, 4.60353577e-06,
        3.13922845e-06, 3.54402131e-01],
       [1.23247904e-02, 3.06430706e-03, 6.87360409e-01, 3.33286202e-06,
        3.96363431e-06, 2.97243197e-01],
       [9.57042852e-03, 1.02606031e-03, 6.09177503e-01, 1.66646641e-06,
        1.80555596e-06, 3.80222536e-01],
       [3.44718273e-02, 5.46568746e-03, 7.16535808e-01, 8.67953547e-06,
        7.08168199e-06, 2.43510916e-01],
       [1.61880353e-02, 2.09972321e-03, 7.31872210e-01, 2.45574032e-06,
        3.00344784e-06, 2.49834573e-01]]), array([[1.05378595e-02, 2.34117966e-03, 6.32629150e-01, 3.93680101e-06,
        2.67485252e-06, 3.54485199e-01],
       [1.18406093e-02, 2.88259548e-03, 6.88350230e-01, 2.83877924e-06,
        3.38913173e-06, 2.96920337e-01],
       [9.13922680e-03, 9.50824208e-04, 6.09461495e-01, 1.40420963e-06,
        1.52567279e-06, 3.80445524e-01],
       [3.36384809e-02, 5.19741054e-03, 7.17797899e-01, 7.50749460e-06,
        6.11987818e-06, 2.43352582e-01],
       [1.55568765e-02, 1.96220376e-03, 7.33703943e-01, 2.07995549e-06,
        2.55428427e-06, 2.48772342e-01]]), array([[1.01010247e-02, 2.19523687e-03, 6.33127409e-01, 3.36666496e-06,
        2.27919383e-06, 3.54570684e-01],
       [1.13759653e-02, 2.71169841e-03, 6.89299442e-01, 2.41795404e-06,
        2.89791377e-06, 2.96607579e-01],
       [8.72779817e-03, 8.81123992e-04, 6.09718601e-01, 1.18323580e-06,
        1.28918671e-06, 3.80670004e-01],
       [3.28269334e-02, 4.94243676e-03, 7.19014830e-01, 6.49382756e-06,
        5.28878992e-06, 2.43204017e-01],
       [1.49505753e-02, 1.83369402e-03, 7.35493532e-01, 1.76166059e-06,
        2.17227580e-06, 2.47718265e-01]]), array([[9.68273431e-03, 2.05843018e-03, 6.33595448e-01, 2.87912717e-06,
        1.94208035e-06, 3.54658566e-01],
       [1.09300330e-02, 2.55096857e-03, 6.90209794e-01, 2.05952304e-06,
        2.47790506e-06, 2.96304667e-01],
       [8.33521068e-03, 8.16550292e-04, 6.09950155e-01, 9.97044765e-07,
        1.08936708e-06, 3.80895998e-01],
       [3.20365185e-02, 4.70009443e-03, 7.20188447e-01, 5.61711697e-06,
        4.57063825e-06, 2.43064752e-01],
       [1.43681340e-02, 1.71360308e-03, 7.37242597e-01, 1.49206317e-06,
        1.84738526e-06, 2.46672326e-01]]), array([[9.28217011e-03, 1.93018423e-03, 6.34034711e-01, 2.46221696e-06,
        1.65484626e-06, 3.54748817e-01],
       [1.05020246e-02, 2.39979778e-03, 6.91082955e-01, 1.75423391e-06,
        2.11878116e-06, 2.96011349e-01],
       [7.96057808e-03, 7.56724232e-04, 6.10157422e-01, 8.40160087e-07,
        9.20527373e-07, 3.81123515e-01],
       [3.12665954e-02, 4.46974679e-03, 7.21320515e-01, 4.85884434e-06,
        3.95006452e-06, 2.42934334e-01],
       [1.38085960e-02, 1.60137887e-03, 7.38952687e-01, 1.26371491e-06,
        1.57107499e-06, 2.45634504e-01]]), array([[8.89855216e-03, 1.80996020e-03, 6.34446570e-01, 2.10569909e-06,
        1.41010884e-06, 3.54841402e-01],
       [1.00911877e-02, 2.25761452e-03, 6.91920521e-01, 1.49420648e-06,
        1.81171471e-06, 2.95727371e-01],
       [7.60305753e-03, 7.01295133e-04, 6.10341605e-01, 7.07967758e-07,
        7.77863181e-07, 3.81352557e-01],
       [3.05165475e-02, 4.25079018e-03, 7.22412719e-01, 4.20299739e-06,
        3.41380057e-06, 2.42812327e-01],
       [1.32710444e-02, 1.49650562e-03, 7.40625279e-01, 1.07030630e-06,
        1.33608297e-06, 2.44604765e-01]]), array([[8.53113686e-03, 1.69725347e-03, 6.34832329e-01, 1.80082209e-06,
        1.20157844e-06, 3.54936279e-01],
       [9.69680389e-03, 2.12388176e-03, 6.92724010e-01, 1.27272924e-06,
        1.54915834e-06, 2.95452483e-01],
       [7.26184728e-03, 6.49938392e-04, 6.10503844e-01, 5.96580377e-07,
        6.57315353e-07, 3.81583117e-01],
